# BLOCK:       RW_SIMULATED:               STEP:                  X:                  Y:                  Z:
      79                  50                   0      0.953554353673     -0.263431007386      0.146076003981
      79                  50                   1      0.997962214943      -1.06348490617     -0.452206288004
      79                  50                   2     0.0485388218524      -1.31816973739     -0.635865911758
      79                  50                   3      -0.16485091788     -0.721903699088      0.138040820701
      79                  50                   4     -0.323330020733     -0.339519798909     -0.772270624269
      79                  50                   5     -0.735470866522      0.169080166492    -0.0163169230245
      79                  50                   6     -0.949624093702       1.10083578303      0.276889260981
      79                  50                   7     -0.199473260711      0.506152811246      0.566070676071
      79                  50                   8      0.729638101335      0.458777945948       0.19931776326
      79                  50                   9       1.12450875307      0.131588439768     -0.659183369787
      79                  50                  10       2.09621370297       0.09277882989     -0.892171147425
      79                  50                  11       2.36383227119      0.018469346483     0.0684840470236
      79                  50                  12       2.16606488024      0.408144534463     -0.830983188038
      79                  50                  13       1.28377008243     -0.061664980054     -0.802088381713
      79                  50                  14        1.3473738887        0.9232433443     -0.641122085718
      79                  50                  15      0.550593083558        1.5077079361     -0.487689724411
      79                  50                  16      0.886868958713       1.07536025136      0.348966725567
      79                  50                  17       1.29371605875      0.198405171578     0.0931831740216
      79                  50                  18      0.874243226102     -0.497867781741     -0.489265550889
      79                  50                  19      0.824217210211     0.0742260636844      -1.30792667111
      79                  50                  20      0.875003831251     -0.640637027811     -0.610508948692
      79                  50                  21      0.999304249284     -0.885659451155       0.35100725925
      79                  50                  22       1.42781320736      -1.78888931738      0.327430117851
      79                  50                  23      0.774619181243      -2.51950705361       0.12859529253
      79                  50                  24    -0.0117909382365      -1.95428739271      0.377765633699
      79                  50                  25     -0.472334382598      -2.83508958325       0.26782366267
      79                  50                  26     -0.177154559026      -3.54699963259     -0.369399181719
      79                  50                  27     -0.075631406644      -3.17888415747      0.554821596292
      79                  50                  28     -0.297196128531      -2.23080228618      0.782965935162
      79                  50                  29    -0.0569576454752      -1.36966602261      0.334937133831
      79                  50                  30      0.396068854017      -0.68738389869      0.908747288962
      79                  50                  31      0.964414690546      -1.18186237122       1.56637488137
      79                  50                  32       1.10579273125       -1.6289806043         0.683143578
      79                  50                  33      0.568276773829      -1.99266132182       1.44394114057
      79                  50                  34   -0.00117948354325      -2.00043226117        2.2659260452
      79                  50                  35      0.349456712449      -1.94513392973       1.33104832454
      79                  50                  36      0.387008723511      -2.43343358113      0.459180618452
      79                  50                  37      0.905571063419      -2.02512334267       1.21043014345
      79                  50                  38        1.1501259744      -2.97597812694       1.40034611108
      79                  50                  39      0.402808410946      -3.47434747274       1.83982814089
      79                  50                  40     -0.107691530153      -4.13391779221       1.28814271984
      79                  50                  41     -0.406133263473      -4.51432871971       2.16348268697
      79                  50                  42     -0.352224747648      -4.02919103016       3.03625716763
      79                  50                  43      -1.20759188384      -3.70749971828       3.44228889322
      79                  50                  44       -2.0482110927      -4.17708178163         3.712200048
      79                  50                  45      -1.33287176172      -4.47915747743       3.08208901369
      79                  50                  46      -1.02012374224      -4.28707313332       4.01229989358
      79                  50                  47     -0.560782962233      -3.96815580443       4.84133414206
      79                  50                  48     -0.697302986013       -4.2177713645       5.80000736859
      79                  50                  49     -0.343372630765      -4.41022878575       6.71526331347
      79                  50                  50      -1.05106755843       -5.0985969008       6.55614943119
      79                  50                  51     -0.140640137731       -4.7852874707       6.82625887687
      79                  50                  52      0.652785523971      -4.30293212137        6.4550324819
      79                  50                  53       1.03891866598      -5.10534521516       6.00002212646
      79                  50                  54       1.57777123578      -5.64265493646       6.64881806619
      79                  50                  55      0.723808337159      -5.25747050687       6.29898907514
      79                  50                  56     0.0548416119722      -4.74585244578       5.75979478719
      79                  50                  57     -0.265543694072      -5.50316011743       5.19072682454
      79                  50                  58     0.0413217508233      -5.84476993378       4.30239336682
      79                  50                  59       1.01952027785      -5.82081494427       4.09610764217
      79                  50                  60       1.30511495121      -5.18808564738       3.37632342492
      79                  50                  61       1.26292238507      -5.72615497153       2.53447950246
      79                  50                  62       1.37580428442      -6.71973281716        2.5422731833
      79                  50                  63       2.18226267477      -6.21830966459       2.22890489087
      79                  50                  64       1.37387115993      -6.76329931932       2.45136710111
      79                  50                  65       1.53066349951       -7.4785628557       1.77032801575
      79                  50                  66       1.85222108613       -6.7705921401       2.39911906558
      79                  50                  67       1.41446386801      -7.55244928726       1.95519562688
      79                  50                  68       1.31747320707      -8.21266218682       2.69998535489
      79                  50                  69       1.76021825176      -7.54187056508       3.29497730913
      79                  50                  70       2.14474092084      -6.77792105508        2.7767848129
      79                  50                  71       2.64304510807      -6.29012334816       2.06002381082
      79                  50                  72       3.12260767773      -6.64374791232       2.86312368593
      79                  50                  73       3.74782521827      -5.86425267332        2.8245205851
      79                  50                  74        4.6846900464      -5.91583463842       3.17038702562
      79                  50                  75       3.75019068977      -5.61309524132        3.3576296754
      79                  50                  76       4.06895540744      -6.25651025711       4.05362261517
      79                  50                  77       3.95871105738       -7.2218003139       4.29039526891
      79                  50                  78       2.99471191019        -6.966133003       4.36346968539
      79                  50                  79       2.55564436002      -7.18766825435       5.23418308186
      79                  50                  80       2.15005593425      -6.96552139445       6.12083340838
      79                  50                  81       1.90994793633      -7.28259983331       7.03833513205
      79                  50                  82       2.33402982686      -7.15465097141       7.93487494649
      79                  50                  83       1.62340925768      -6.57938994746       7.52979080588
      79                  50                  84       0.81762067823      -7.16973954632       7.57661084805
      79                  50                  85        1.7535118187      -6.82550896569       7.65153134295
      79                  50                  86       1.96552166389      -5.98759066985        8.1544674771
      79                  50                  87       1.19867678406      -6.31048432057       8.70916434982
      79                  50                  88       1.01305274053      -7.21904881679       8.33492609594
      79                  50                  89       1.44334776276      -6.31826494347       8.39353161959
      79                  50                  90       1.50818346359      -5.35251971161       8.14226984566
      79                  50                  91       1.54409363614      -6.18745121848       7.59308878413
      79                  50                  92      0.776726549921      -6.66256178606       8.02369034423
      79                  50                  93        1.7186203497      -6.36779858012       7.86259806517
      79                  50                  94        2.1851129271      -5.76279234351       8.50785160362
      79                  50                  95       2.59883908163      -5.72485098929       9.41746202721
      79                  50                  96       3.58989620093      -5.85764071541       9.43060260992
      79                  50                  97       4.38942678181      -5.25813811469       9.46731067408
      79                  50                  98       4.02391461164      -4.33369615033       9.57597487235
      79                  50                  99       4.07635615755      -3.51878107907        10.153177879
