# BLOCK:       RW_SIMULATED:               STEP:                  X:                  Y:                  Z:
       6                  50                   0      0.720269212454       0.66663891442     -0.191845821879
       6                  50                   1       1.67156322465      0.861968732215     0.0466619654805
       6                  50                   2       2.31694382367       1.47639230181      0.500498455354
       6                  50                   3       3.30463861338       1.52280549882      0.351150480727
       6                  50                   4       4.08081049709        2.0929159659      0.620466767406
       6                  50                   5       4.14521976543       1.27229577478       1.18829944354
       6                  50                   6       4.86296003567       1.87802427516      0.844872758043
       6                  50                   7       4.45739847803       1.17742685823       1.43196992407
       6                  50                   8       4.92169944613      0.511421206225       2.01580301881
       6                  50                   9       4.20702432738     -0.140820869099       2.26842872972
       6                  50                  10       3.76209590206      0.749482062576       2.36537916135
       6                  50                  11       3.35503897611      0.545552065166       1.47503247877
       6                  50                  12       3.61901162304    -0.0194283656368      0.693293676813
       6                  50                  13       3.64590397029     -0.415462355003       1.61113564629
       6                  50                  14       3.03589330879      0.171692584176       2.14324096505
       6                  50                  15        3.1905361012      0.209292935919       1.15598627637
       6                  50                  16       3.92767434679     -0.107161061375      0.558923403237
       6                  50                  17       4.26408401345     -0.999694141828      0.859278587109
       6                  50                  18       4.14817175444     -0.496720536296    0.00278462895793
       6                  50                  19       4.64539491212     -0.010891345711     -0.716061063137
       6                  50                  20         4.275186351     -0.764537856335     -0.172956507546
       6                  50                  21       4.82694465775       -1.0824518677     -0.943990522563
       6                  50                  22       4.05503848634     -0.743650762372     -0.406054956189
       6                  50                  23       3.21442400625     -0.797340370645     -0.945021301921
       6                  50                  24       2.45444061469     -0.500781735116     -0.366680381498
       6                  50                  25        2.6349422901      -1.48273089576      -0.31015612927
       6                  50                  26       3.62851655791      -1.43938128849     -0.205604773957
       6                  50                  27       3.63758986531      -1.48016798397      -1.20473145289
       6                  50                  28       3.89197837696     -0.551561430643      -1.47487281267
       6                  50                  29        3.5498595205      -1.05315691399      -2.26945236132
       6                  50                  30       2.57108049269     -0.856114779074      -2.21318503702
       6                  50                  31       1.76166818825      -1.43304955349      -2.32272036235
       6                  50                  32       1.39780021377      -1.13909466557      -1.43887047633
       6                  50                  33       1.49155350398      -1.73514432329       -2.2363258833
       6                  50                  34      0.820954379171      -2.46261492471      -2.38152690905
       6                  50                  35       1.12084845961      -1.64817401294      -2.87826581608
       6                  50                  36       1.01368660681      -1.04797239571      -2.08562822173
       6                  50                  37       1.52798520014      -1.67939686818      -2.66597302654
       6                  50                  38      0.644986761148      -2.09673608552      -2.45116675473
       6                  50                  39       1.11263831546      -1.40488128981      -3.00129307239
       6                  50                  40       1.52371013393       -2.0273357333      -3.66730390251
       6                  50                  41       1.28834057999       -1.1029073699      -3.96735952074
       6                  50                  42       1.72027483058     -0.354738411288      -3.46369692283
       6                  50                  43        2.5724273464     -0.798215046377      -3.18591181898
       6                  50                  44       3.21004295682      -0.98464056725      -3.93336874651
       6                  50                  45       2.73632589206      -1.18072213645      -4.79193974577
       6                  50                  46        1.8279456195     -0.774580985477      -4.69246791104
       6                  50                  47        1.7490124657     -0.830829739529       -5.6877596446
       6                  50                  48       2.68526111369      -1.16250346352      -5.57186741044
       6                  50                  49       3.55631978914      -1.04680754548      -6.04922601618
       6                  50                  50       3.99650620863      -1.30841756544      -6.90817660472
       6                  50                  51       4.43121535748      -1.80640073178      -6.15781621001
       6                  50                  52       3.78852630725      -1.12414561225      -6.50635420879
       6                  50                  53       3.32545213299      -1.49703343565      -7.31041700502
       6                  50                  54       2.91229330302      -1.36021947774      -8.21074012599
       6                  50                  55       2.41673779626      -1.29646478623      -9.07697339655
       6                  50                  56       1.95666540061     -0.935254366806      -9.88805934986
       6                  50                  57        1.4886968575     -0.449967809372      -9.14947800713
       6                  50                  58       1.08483919459      0.109852253027      -8.42594467283
       6                  50                  59      0.887293772419      -0.64073428261      -7.79539280446
       6                  50                  60      0.632182444265      -1.52829856857      -8.17899135574
       6                  50                  61       1.01426192043      -2.42028314777      -7.93737433574
       6                  50                  62       0.56303549146      -3.29968705833      -7.78557357191
       6                  50                  63      0.232824179552      -2.39315395092      -8.04855306667
       6                  50                  64       1.07677523542      -1.86100953191      -7.98095918669
       6                  50                  65       1.35748703319      -2.80587122085      -8.14959274024
       6                  50                  66      0.960075745121      -3.46978782461      -8.78305861253
       6                  50                  67       1.14242085397      -2.66521983075      -8.21788553768
       6                  50                  68        1.7709671077      -3.25242926713      -8.72789993429
       6                  50                  69       1.43706745916      -4.18431957827      -8.86964432644
       6                  50                  70      0.952701204313      -4.77377014132      -8.22316357275
       6                  50                  71       1.85775743285      -4.61650219116      -7.82801801092
       6                  50                  72       1.32235878318      -4.13862648986       -8.5244252912
       6                  50                  73       1.38745935294       -4.6654133271      -9.37192605458
       6                  50                  74       1.17868754517      -5.59356841174       -9.0637986927
       6                  50                  75      0.409889976992       -5.0098043553      -9.32489221151
       6                  50                  76       1.23917781628      -4.68856480943      -9.78215234949
       6                  50                  77       1.19930039931      -4.14132579053      -8.94612648398
       6                  50                  78      0.557944290659      -4.08741259844      -8.18077969355
       6                  50                  79       1.27018160887      -3.49633663411      -8.55939190536
       6                  50                  80       1.25890377278      -4.07177168662      -9.37716162279
       6                  50                  81      0.954136723881      -4.80725153605      -9.98229502708
       6                  50                  82      0.117932098917       -5.3217451756      -10.1721847847
       6                  50                  83     -0.353580506827      -4.44210841563      -10.1096145592
       6                  50                  84      -1.24492201753      -4.84001397702      -10.3268275318
       6                  50                  85     -0.289868047482      -5.13109388507      -10.2707525693
       6                  50                  86      -1.07547152912      -4.51249652115      -10.2579279452
       6                  50                  87      -1.87780610409      -5.09114146322      -10.1115405795
       6                  50                  88      -1.63389973833      -4.13289560533      -9.96229393614
       6                  50                  89       -2.6078046141      -3.90699916356      -9.98420490503
       6                  50                  90      -3.27856635898       -3.9802000079      -10.7222566092
       6                  50                  91      -3.54966071072      -4.85090428953      -11.1326002534
       6                  50                  92      -3.98417663024      -4.03366954126      -10.7540196386
       6                  50                  93       -3.8835655673      -3.10358182386      -10.4007290331
       6                  50                  94      -3.62913406728      -4.02573662507      -10.6920967294
       6                  50                  95      -2.86452725357      -3.50270836698      -10.3155096057
       6                  50                  96      -3.68647269987      -3.20151557393      -9.83209613395
       6                  50                  97      -3.24811478555      -2.72749387699      -10.5957359507
       6                  50                  98      -3.72502868411      -2.27450288265      -9.84250803543
       6                  50                  99      -3.46712987628      -2.81363199921      -9.04074248329
