# BLOCK:       RW_SIMULATED:               STEP:                  X:                  Y:                  Z:
      80                  50                   0      0.597711936402     -0.375700167116      0.708230065382
      80                  50                   1        1.0229966362      0.375182011224      0.202949075864
      80                  50                   2     0.0444063598756      0.524489449273      0.344611915113
      80                  50                   3      0.779021668498       1.11796720889       0.67343481149
      80                  50                   4       1.64195168879       1.61591619345      0.587419761342
      80                  50                   5       1.30564580898       2.23382834852       1.29811162412
      80                  50                   6      0.399085734053       2.64114187326        1.1874566508
      80                  50                   7      0.750670258259       3.23740597065       1.90916119458
      80                  50                   8      0.156524325133       2.46741660733       2.14177028839
      80                  50                   9     -0.333028522645       1.70171618812       2.55895235567
      80                  50                  10     -0.500765081186       2.63491600893       2.24114338575
      80                  50                  11      0.498550186895       2.60935727122       2.21438995778
      80                  50                  12      0.786994600568       3.55703965063       2.07764959072
      80                  50                  13      0.561123789436       3.11974182482       1.20715950564
      80                  50                  14       1.03258452266       2.28652303673       1.49607338242
      80                  50                  15       1.27818737003       2.06111105316      0.553275058795
      80                  50                  16      0.813437304393       1.51803243418     -0.146062477808
      80                  50                  17      0.976302010724       1.93216771887      -1.04158860998
      80                  50                  18        1.6731435673       1.97979838854     -0.325946825057
      80                  50                  19       1.93440478872       2.94034699968     -0.230610893553
      80                  50                  20       1.90682690282       2.01274542273      0.141940813801
      80                  50                  21       1.73529278232       2.78503124894     -0.469737735881
      80                  50                  22       2.50317059891       2.24218820894     -0.809862849211
      80                  50                  23       2.30784064868       2.81008253546      -1.60945164632
      80                  50                  24       2.80858878161       2.17640687291      -1.01978524735
      80                  50                  25       2.02846271428       2.72634561911       -0.7215056897
      80                  50                  26       2.45008522952       1.86019161469     -0.989855638979
      80                  50                  27       3.26331621095       2.31932523092      -1.34741919037
      80                  50                  28        3.2412612356       3.12523342102     -0.755789604236
      80                  50                  29       3.85622112922       3.80042935199      -1.16314053899
      80                  50                  30       4.62804185063       3.63488113542     -0.549229664351
      80                  50                  31       3.82524534275       3.43011459204     0.0107600048852
      80                  50                  32       2.87120531963       3.53525789726      0.291388798232
      80                  50                  33       3.26034316972       2.66406111238      0.590701169574
      80                  50                  34       2.89029149336       2.05925382396       1.29587483662
      80                  50                  35       2.70156178203        1.4682018243      0.511630850495
      80                  50                  36       2.48448177825       0.95699223573      -0.31995860862
      80                  50                  37       2.60526397255       1.05675065858      -1.30761235291
      80                  50                  38       1.66614888341       1.25063700835       -1.0239383627
      80                  50                  39      0.950466971392       1.28087959145     -0.326167062794
      80                  50                  40       1.79751577181       1.38757854059      0.194528303009
      80                  50                  41       2.41894417336      0.848709385055     -0.374195509536
      80                  50                  42        2.0314585558       1.19768165937       0.47907657365
      80                  50                  43       2.36541721841       2.14025717869      0.474280528044
      80                  50                  44       2.57269082571       1.84697568413     -0.459005932088
      80                  50                  45       2.45321676639       1.86636193725      -1.45165396757
      80                  50                  46       2.29260486862       2.21732875684      -2.37416473165
      80                  50                  47       1.55472467051       1.73308315982      -2.84431259669
      80                  50                  48       2.46638154791       1.51797176354      -2.49415716682
      80                  50                  49        3.0029521003       1.84934769562      -1.71808884899
      80                  50                  50        2.2139764219       1.40169266555      -2.13894791442
      80                  50                  51       2.35519493176      0.548359627875      -1.63707137653
      80                  50                  52       1.65356741571       1.22227480832      -1.40564718098
      80                  50                  53       0.70827175104        0.9685225076      -1.61064931814
      80                  50                  54      0.493299941712      0.543170906263     -0.731522969747
      80                  50                  55      0.166243442275     0.0574673545352     0.0791101815702
      80                  50                  56     -0.442735330324      0.747966534938     -0.311217547891
      80                  50                  57      0.158147792883     -0.048224459456     -0.240370016599
      80                  50                  58      0.599907188215     -0.271024545248      0.628657461912
      80                  50                  59     0.0155936187758      -1.06638403221      0.467471423203
      80                  50                  60      -0.64849034007     -0.327889382626      0.584168244686
      80                  50                  61     -0.248863980354      0.405078023589     0.0336616107128
      80                  50                  62     -0.911613903931     -0.187168287493      0.491926649538
      80                  50                  63     -0.848411518386     -0.461511513909     -0.467625981942
      80                  50                  64     -0.443509696345       0.17479229448       -1.1242628511
      80                  50                  65      -1.00695103622     -0.325313902405     -0.466670539442
      80                  50                  66     -0.578551829634      0.481094218111    -0.0590186500093
      80                  50                  67     -0.892601569791      0.491799269736      -1.00836482637
      80                  50                  68     -0.805281674293      0.903378108699      -1.91554622784
      80                  50                  69    -0.0497907789448       1.29635881461      -1.39133284397
      80                  50                  70     -0.241626240018      0.818580026766     -0.534054251118
      80                  50                  71     -0.317931445798      0.478776598998      0.403341687666
      80                  50                  72     -0.836595778804      0.143851117812     -0.383304504545
      80                  50                  73     -0.682285121579     -0.769922299826   -0.00753015432177
      80                  50                  74      -1.35772616232       -1.4332023348     -0.329770740962
      80                  50                  75      -1.72074558134      -1.97622560683      -1.08696465764
      80                  50                  76      -1.31832237381      -2.50491012627     -0.339603807087
      80                  50                  77      -2.04183830255      -2.56805251485      0.347809998143
      80                  50                  78      -1.66209361317      -3.33318956558      0.867770827898
      80                  50                  79      -2.58336534458      -3.38090186542      0.481789049376
      80                  50                  80      -3.25825114444      -3.86311748595    -0.0767780929286
      80                  50                  81      -2.62337866375       -4.5797397769      0.211994179608
      80                  50                  82      -2.50478630478      -3.63624100695      0.521422561469
      80                  50                  83      -2.71268756376      -4.60918579815      0.622197061235
      80                  50                  84      -2.00588051864      -5.31001473287      0.718439490611
      80                  50                  85      -2.44074952214      -4.83017582129       1.48043920763
      80                  50                  86      -2.78524508355      -4.97324999348       2.40826062871
      80                  50                  87      -2.02450191288      -4.72432333257       3.00768147067
      80                  50                  88      -3.00014459225      -4.79814993375       2.80111188155
      80                  50                  89      -3.35438347263      -5.72356013018       2.93576248113
      80                  50                  90      -3.06597076705       -5.5678412105       3.88052156647
      80                  50                  91      -3.68552975918      -6.12812784106       3.33077112591
      80                  50                  92      -3.65258074812      -7.08765854446        3.0511013351
      80                  50                  93      -3.33024941296      -6.32441900862       3.61107269267
      80                  50                  94      -2.67263319479      -5.76955445882       4.12064726129
      80                  50                  95      -2.47053828068      -4.80213595078       3.96813799607
      80                  50                  96      -2.07198412705      -5.06704500285        3.0900845918
      80                  50                  97      -1.91306154284      -5.97321017299       3.48201353517
      80                  50                  98      -2.90331088497      -5.89672522325       3.36558204083
      80                  50                  99      -2.04000822628      -5.95420948042       2.86417992709
