# BLOCK:       RW_SIMULATED:               STEP:                  X:                  Y:                  Z:
      76                  50                   0     -0.549575738304      0.455635377292      0.700259174041
      76                  50                   1     -0.128437544894       1.20868543198      0.194731492115
      76                  50                   2     -0.161991038892       1.83686775389      0.972073844927
      76                  50                   3     -0.671147420982       1.13499774294       1.47020863222
      76                  50                   4     0.0717040151905       1.67286539183       1.07162346434
      76                  50                   5      0.829868479557       1.06580734114      0.833574796918
      76                  50                   6      0.831993294997       1.06382879515     -0.166420988331
      76                  50                   7       0.45803511016      0.144613223117     -0.289701190029
      76                  50                   8      0.839139370813       1.06827222426     -0.249531647946
      76                  50                   9      0.980506969709      0.296150848747      0.370019627939
      76                  50                  10       1.32089916529       1.21388238103      0.574719378415
      76                  50                  11       1.69882683511        1.2765164522     -0.348994673396
      76                  50                  12       2.04383072636      0.546988818688     -0.939555209634
      76                  50                  13       2.46295727702       1.44210930955      -1.09151652505
      76                  50                  14       2.35167003109      0.920097132769      -1.93716328121
      76                  50                  15       2.01702496378      0.397970029802      -1.15269150525
      76                  50                  16       1.98696474095       1.30118778275      -1.58082007678
      76                  50                  17       1.52015389933       1.85657719025     -0.892612081917
      76                  50                  18       1.18930477847       2.54603844669     -0.248265874442
      76                  50                  19       1.26236068606       1.66332648737      0.215934977822
      76                  50                  20      0.696397628748      0.944769009638      0.620114355017
      76                  50                  21   -0.00378129966069      0.643333804459       1.26732860493
      76                  50                  22       0.34779299836      0.628533627539      0.331285621017
      76                  50                  23     -0.367157780505      0.996239608761      0.925960065711
      76                  50                  24      0.605761229381      0.804549818589      0.796794959952
      76                  50                  25      0.195783267339       1.49874881546       0.20518206001
      76                  50                  26     -0.219972141399       2.36503352151    -0.0717624257262
      76                  50                  27     -0.311250995606        1.5437665097     -0.634957477277
      76                  50                  28      0.204021393744      0.867971428222      -1.16202044564
      76                  50                  29      0.119987117662       1.61272187238      -0.49998946724
      76                  50                  30    -0.0841089761823      0.650191457159     -0.321439798382
      76                  50                  31     -0.499127643878      0.826288528469      -1.21404795818
      76                  50                  32     -0.345617587392       1.77588372759      -1.48736758857
      76                  50                  33      0.573536974806       1.83417464506       -1.0978075037
      76                  50                  34      0.711207986711       1.29958816383      -1.93163241731
      76                  50                  35        1.4760378951      0.924370176997      -1.40794675434
      76                  50                  36        2.2206745831      0.309382211172      -1.14851274583
      76                  50                  37       2.17258327771      0.534428313336      -0.17535218444
      76                  50                  38       1.21287854123      0.387130649313     0.0639597813036
      76                  50                  39       1.54463612182       1.03856263683      0.746289081105
      76                  50                  40       2.09239524686      0.933097402959    -0.0836729815051
      76                  50                  41       2.97343274835      0.864293673768      0.384343009493
      76                  50                  42       3.46874583477      0.633906805921       1.22195081601
      76                  50                  43       2.91649838557      0.967541593323       1.98596036012
      76                  50                  44       3.20192239163      0.140048709956       2.46947733474
      76                  50                  45       4.04379635248      0.202711432349       1.93345343858
      76                  50                  46       3.91717115446     -0.451402222365       1.18773138181
      76                  50                  47       4.61128288438       -1.1091636952      0.895227106227
      76                  50                  48       4.07260453381      -1.03239008251       1.73423333208
      76                  50                  49       3.82976533142    -0.0788675075308       1.91262565475
      76                  50                  50       4.26707833276      0.806462402595       1.75467538062
      76                  50                  51       4.06142991165      0.281510393291      0.928761272001
      76                  50                  52       3.89637875128      0.358496787191       1.91203702662
      76                  50                  53       4.38339769255     -0.481753007744       1.67372455746
      76                  50                  54        4.9156256814      -0.77603040033       2.46753447431
      76                  50                  55       5.76301929549     -0.295481535743        2.6933592992
      76                  50                  56       5.50406813642      -1.24026152818       2.89419521008
      76                  50                  57       6.46648665384      -1.16906261066       3.15626640551
      76                  50                  58       6.17221747123      -1.13481114922       4.11137503051
      76                  50                  59        5.5696520771      -1.80597828182       3.67957689954
      76                  50                  60       4.83960693158      -1.33500851813       4.17477541244
      76                  50                  61       5.20729419632     -0.739595293207       3.46043014092
      76                  50                  62       5.43410725921      -1.63978707625       3.83219698752
      76                  50                  63       6.11745888449      -2.35640197307       3.69257734024
      76                  50                  64       5.35653898394      -2.98896137455       3.83704016783
      76                  50                  65        5.5675185412      -3.96100308351       3.94010588693
      76                  50                  66        4.6330364214      -3.91535621029        3.5870343209
      76                  50                  67       4.20892806556      -4.74042518655       3.96038842484
      76                  50                  68       3.75554082464       -5.1079550745       3.14837746972
      76                  50                  69       4.73159755499      -5.03959996332       2.94188088882
      76                  50                  70       5.24506395734      -5.83500080403       2.61987195066
      76                  50                  71       5.12279499592      -5.27765700907        1.7986422658
      76                  50                  72       4.98743808396      -6.15545188027       2.25815795702
      76                  50                  73       5.08068195862      -6.31958331228        3.2401795723
      76                  50                  74       4.52386800066      -5.48968613252       3.20512408417
      76                  50                  75        3.7565649926      -4.85322437699        3.2836258521
      76                  50                  76       3.96199622912      -4.69423637814       4.24929702971
      76                  50                  77       3.54363262648      -5.09380658752       5.06496580057
      76                  50                  78       3.69624894115      -5.98473204359       5.49270414609
      76                  50                  79       3.72070222953      -6.75488100847       6.13009932067
      76                  50                  80       4.57096111975      -7.19896467209       5.84752274818
      76                  50                  81       5.46518562683       -7.6448847567       5.88648181729
      76                  50                  82       5.23766102739      -6.83548730019       6.42787660305
      76                  50                  83       5.78240454757      -5.99788911495       6.38684274743
      76                  50                  84       5.60814753928      -5.11916969003       5.94244802724
      76                  50                  85       5.94415278035       -4.4199350684       5.31143976905
      76                  50                  86       5.48740281528      -3.75741878339        5.9051161468
      76                  50                  87       6.44699935602      -3.62110231716       6.15127117929
      76                  50                  88       5.82785838791      -4.40323389484       6.22151829165
      76                  50                  89       6.81336935997      -4.36238883629       6.05689810715
      76                  50                  90       6.93009665264      -4.42463036518       7.04810985608
      76                  50                  91       7.59153892286      -4.20332479258       7.76471153533
      76                  50                  92        8.0549546991      -3.41111045107       8.16175341654
      76                  50                  93       8.51173606523      -2.58906699971       8.50174657476
      76                  50                  94       8.70492494223      -2.00190285491       9.28782311357
      76                  50                  95       7.83330948392      -1.52085694764       9.38206391115
      76                  50                  96         6.963187975        -1.422199402       9.86492543208
      76                  50                  97       7.08985379577      -2.21690224901        9.2712898917
      76                  50                  98       7.75893635487      -1.47449595565       9.23721021033
      76                  50                  99       7.23130778175      -1.98844194731       9.91357372685
