# BLOCK:       RW_SIMULATED:               STEP:                  X:                  Y:                  Z:
      24                  50                   0      0.247346250429       0.73927204037      0.626335918438
      24                  50                   1      0.213989462562     -0.196906901249      0.276398332614
      24                  50                   2       1.19237514565     -0.366504173819      0.158084257918
      24                  50                   3       1.87821046163      -1.07813442468      0.310440109146
      24                  50                   4       2.19528354723     -0.135046920843      0.410692882128
      24                  50                   5       2.61924711742     -0.686166726072     -0.308001664558
      24                  50                   6       3.24387213519      0.043564091424    -0.0299072180696
      24                  50                   7       2.76381884437     -0.172890977195      0.820208092488
      24                  50                   8       2.88129529984    -0.0199369755468     -0.161017852843
      24                  50                   9       2.18488144144      0.317070635482      0.472570032096
      24                  50                  10       2.63338099019      0.321531684485       1.36634195703
      24                  50                  11       2.55820595039     -0.626708591293       1.67486925369
      24                  50                  12         2.636641053      -1.11687888304      0.806778809234
      24                  50                  13       2.92602626358      -1.79128162354       1.48607045758
      24                  50                  14       2.60658269998      -1.63333626919      0.551720911259
      24                  50                  15       3.17976152177      -2.31818701589       1.00166034383
      24                  50                  16       2.82799935569      -3.11363240183      0.508172738606
      24                  50                  17       3.76062018024      -3.06699638654      0.150341102652
      24                  50                  18       4.32033872751      -2.32622715781     -0.221110236844
      24                  50                  19        4.3054574035      -2.98589055214     -0.972524072474
      24                  50                  20       4.21708655763      -2.97083774896      -1.96849797109
      24                  50                  21       4.88492175572      -2.99627603108      -2.71237231665
      24                  50                  22       5.58111805314      -3.01373261315      -1.99473314325
      24                  50                  23       6.53094113719      -3.21496072606      -1.75526841603
      24                  50                  24       5.72335562968      -3.79511697187      -1.64932324861
      24                  50                  25       5.87311817704       -3.2679795697     -0.812844116383
      24                  50                  26       6.55684912756      -3.50774691306      -1.50206368108
      24                  50                  27       5.75347220479      -2.93613996863      -1.33517742925
      24                  50                  28       5.13490677875      -2.68737611011     -0.589863162377
      24                  50                  29        5.3584244686      -3.35904920847        -1.296188223
      24                  50                  30       5.38123006142      -2.46246713947      -1.73847828448
      24                  50                  31       6.07940039157      -1.75852898605      -1.86897451533
      24                  50                  32       5.61759600427      -1.11573080708      -1.25778942963
      24                  50                  33       5.89950420886     -0.897665519925      -0.32345796023
      24                  50                  34       5.30721585426     -0.155722572046   -0.00926826102121
      24                  50                  35       4.42481473895       0.22534553678      0.266694359904
      24                  50                  36        3.5207158218     -0.050289217651      0.593237818186
      24                  50                  37        2.5779179594     -0.251614322676      0.327530474024
      24                  50                  38       1.87925268367     -0.937150646647       0.12281901609
      24                  50                  39       1.53136634802      -1.54670001494     -0.589518449643
      24                  50                  40      0.565494873704      -1.80242632797      -0.63070519412
      24                  50                  41    -0.0338781697708      -2.12356064175       0.10252376553
      24                  50                  42     -0.360259460251      -2.46067460193      0.985603281245
      24                  50                  43     -0.910410988591      -3.21770971695       1.33806764894
      24                  50                  44      -1.77566494394      -3.30102258817      0.843704868944
      24                  50                  45     -0.822077264475      -3.22055976623       1.13387080743
      24                  50                  46     0.0516929337039      -2.90507048172       1.50399531639
      24                  50                  47      0.815738194354      -2.34174456214       1.18951360308
      24                  50                  48    0.00880735478137      -2.84619788014       1.49674229657
      24                  50                  49     -0.406652987001      -2.51160227788      0.650906327038
      24                  50                  50      -1.09151765542      -2.68065788625     -0.057881784623
      24                  50                  51      -0.38284520735      -2.08037482456      0.312852091885
      24                  50                  52     -0.142236879316      -1.48967403393       1.08303402392
      24                  50                  53      0.611591789123     -0.937260466369      0.727250959373
      24                  50                  54     -0.169569897275     -0.574455221388      0.219157686521
      24                  50                  55      0.780907405698     -0.884522323995      0.197914136574
      24                  50                  56       1.52510153326      -1.45575354934      0.544136590646
      24                  50                  57       1.58226156436      -2.17026996894       1.24141631713
      24                  50                  58       1.56793391504      -3.12521612617      0.944983263551
      24                  50                  59       2.18087984152      -3.90366311523      0.809640822154
      24                  50                  60       2.96979338703      -3.43123540633       1.20261343897
      24                  50                  61       2.24822405096      -4.11064718244       1.33579501323
      24                  50                  62        1.6659139559      -4.61122874906       1.97636745126
      24                  50                  63       1.67321078515      -4.33439964638       2.93725891453
      24                  50                  64       1.01005656187      -3.95910977762        2.2896602807
      24                  50                  65      0.505169394249      -4.79880035188       2.48968199821
      24                  50                  66      0.394275177504      -4.76922354133       1.49628998849
      24                  50                  67      0.508120804779      -5.51322044715       2.15470306345
      24                  50                  68      0.830128430402      -6.23195749657       2.77092391902
      24                  50                  69      0.797287726381      -7.18422566439       3.07441498101
      24                  50                  70       1.37519524808      -7.37729984219       3.86734956736
      24                  50                  71       2.15812626151      -6.81741465648       4.13854618796
      24                  50                  72       2.99108666848       -7.0411411353       4.64463256703
      24                  50                  73       2.51678325337      -7.89569602255       4.43303810799
      24                  50                  74       2.81907709144      -7.51222164483       5.30571550377
      24                  50                  75       3.25425405243      -8.17742083237       5.91245354734
      24                  50                  76       3.05995060836      -8.13560535762       6.89250336123
      24                  50                  77       2.40402011709      -7.43050348009       6.62308448119
      24                  50                  78       2.45022936325      -8.19644074845       7.26433701062
      24                  50                  79       2.43807215883      -7.24824966151       7.58180490669
      24                  50                  80       2.60304557674      -7.20412534948       8.56711542448
      24                  50                  81       1.88430713239      -7.89381751695       8.47913950315
      24                  50                  82      0.979502574293      -8.16996338522       8.80328788136
      24                  50                  83       0.35147570902      -7.39190972753        8.7886331125
      24                  50                  84     -0.585825953703      -7.68466782517       8.59953448922
      24                  50                  85       -1.4392715548      -7.80224570329       8.09178844192
      24                  50                  86      -1.22386117338      -8.67869143636       7.66115954767
      24                  50                  87     -0.298286058187      -8.44051176711       7.95540630007
      24                  50                  88     -0.413047013247      -9.19392224374        7.3079477478
      24                  50                  89      0.243769586692      -9.58189982597       6.66136801588
      24                  50                  90      0.120287364236      -9.90855516505       5.72432563147
      24                  50                  91      -0.20598026321      -9.45232462393       4.89643486052
      24                  50                  92     -0.861221611763      -10.1990133373       4.78191525335
      24                  50                  93      -1.25532974022      -9.58819647572       5.46863320466
      24                  50                  94     -0.785222693589      -9.34327739399       4.62068626758
      24                  50                  95      -1.25545708417      -10.1099583324       5.05781320171
      24                  50                  96     -0.941081263172      -9.19423751969       4.80756685051
      24                  50                  97      -1.35280832708      -10.0997676476       4.91001689828
      24                  50                  98     -0.959504921516      -9.70668683023       5.74116062964
      24                  50                  99     -0.698061224332      -10.3259836079       5.00081024343
