# BLOCK:       RW_SIMULATED:               STEP:                  X:                  Y:                  Z:
       4                  50                   0      0.782447700575    -0.0367233443933     -0.621632521544
       4                  50                   1      0.607804520595       0.39811705733      -1.50504272338
       4                  50                   2      0.867070757928        1.2883870058      -1.87947621151
       4                  50                   3       1.23207958886      0.584035755869      -1.27065943278
       4                  50                   4      0.377817838704      0.833310836397      -1.72683790274
       4                  50                   5     0.0223403907023       1.49792405073      -1.06962784553
       4                  50                   6     -0.628751429633       1.44908016212     -0.312202129015
       4                  50                   7     0.0233298144718      0.705470462275     -0.164436553235
       4                  50                   8      0.559362637101     0.0901684062787      0.413553232965
       4                  50                   9     0.0568310098547      0.920308756396      0.172039335382
       4                  50                  10       1.04303698408       0.90967701926    0.00685839651849
       4                  50                  11      0.186626640506       1.24297238398     -0.387445449864
       4                  50                  12       0.30670312407      0.273095377905     -0.599389383916
       4                  50                  13     -0.190186044171      0.235603530098      0.267614373764
       4                  50                  14      -0.41959589227     -0.349874953405        1.0451657013
       4                  50                  15      0.148159854495     -0.127899720483      0.252461211602
       4                  50                  16      0.886931996328     0.0120342623659      -0.40680671792
       4                  50                  17         1.194818978     -0.190306850054      -1.33646454784
       4                  50                  18       1.19792877743      0.804715749865      -1.43606552574
       4                  50                  19       1.26909147472        1.6107106067      -2.02369479771
       4                  50                  20        2.2391400706       1.70099160685      -2.24920546854
       4                  50                  21       1.45868383872       1.18451209481      -2.60153625597
       4                  50                  22       1.99678444275      0.805763896749      -1.84854386397
       4                  50                  23       1.37526197236     0.0270170032057      -1.93376765522
       4                  50                  24       1.25114188871      0.334299818623     -0.990278664197
       4                  50                  25      0.366177550092      0.745995763382      -1.20786673472
       4                  50                  26       1.02365425714     0.0593386721771      -1.51807056897
       4                  50                  27       1.61551747408      0.836690489572      -1.73119514388
       4                  50                  28       2.53348847483      0.679184901249      -1.36716048697
       4                  50                  29       1.76192469116      0.819461947719      -1.98765357956
       4                  50                  30       1.11884570009      0.215099278621      -2.45796749116
       4                  50                  31       1.19676519745     -0.728714330337      -2.77912854652
       4                  50                  32      0.710306785539      -1.18845116421      -2.03616134868
       4                  50                  33    -0.0255961448079      -1.76475224466      -2.39158214404
       4                  50                  34     -0.623274200074      -2.56569268576      -2.35587007227
       4                  50                  35      0.156900444508      -1.98824067454      -2.59644583723
       4                  50                  36      0.182216057429      -2.90396262321      -2.19543158253
       4                  50                  37      0.541818830944      -2.76199385896      -1.27318936096
       4                  50                  38      0.781771995903      -3.55619780665      -1.83145683099
       4                  50                  39      0.762760564271      -3.71438246871     -0.844230322963
       4                  50                  40     -0.145123926466      -3.92460576495     -0.481529458342
       4                  50                  41     -0.689220404492      -4.31159431304      -1.22597481312
       4                  50                  42     -0.233342612395      -4.14180957248     -0.352276592594
       4                  50                  43      0.555664863736       -3.6227706373    -0.0235429825445
       4                  50                  44       1.54386919328      -3.75997592481     0.0444784269399
       4                  50                  45       2.26390350133      -4.41861245119       0.26299277738
       4                  50                  46       2.15078092297      -5.08103250455     -0.477549561161
       4                  50                  47       2.82901191664      -4.83338339132      0.214312156194
       4                  50                  48       3.82666239999      -4.89481149533      0.183978987804
       4                  50                  49       3.55713052262      -4.34171534339      0.972291878598
       4                  50                  50       2.74544097433      -3.79010234862       1.16434182316
       4                  50                  51       3.65300673451      -3.60933291777      0.785334166483
       4                  50                  52       4.55520975184      -3.28719552506      0.498528978696
       4                  50                  53       5.32309627804      -3.36302377567     -0.137553059479
       4                  50                  54       5.99985407327      -4.06936941401     0.0699914557772
       4                  50                  55       5.69132950919      -4.58687201634     -0.728133628363
       4                  50                  56       5.21852942665      -4.33323057179       -1.5720092706
       4                  50                  57       4.57125229182      -4.90649456448      -1.06961430106
       4                  50                  58       5.56944283421      -4.89838796196      -1.01003306173
       4                  50                  59       5.07393242213      -5.08690850391      -1.85793012906
       4                  50                  60       4.61518080402       -5.9599186845      -1.69240013941
       4                  50                  61       4.35474111634       -6.7641434023      -1.15817755251
       4                  50                  62       4.52036827513      -6.21456219472     -0.339319725693
       4                  50                  63        4.7127002499      -5.27248902144     -0.614104273427
       4                  50                  64       4.73235401322      -4.27434827143      -0.67179979107
       4                  50                  65       4.44691436555      -4.49051204839      0.261901140209
       4                  50                  66       4.38103289921       -4.5333978184        1.2588065736
       4                  50                  67       3.84013745348      -4.42304711559       2.09262600199
       4                  50                  68       4.58924233813      -3.93335885918       1.64647884765
       4                  50                  69       4.24260652069      -3.00917428037       1.80687359307
       4                  50                  70       4.92562552982      -3.41027403637       1.19646060261
       4                  50                  71        5.5868179886      -3.68149949531       1.89593274849
       4                  50                  72        6.4963066383      -3.69284189474       2.31150674438
       4                  50                  73       7.41301471125      -3.49581661608       1.96390445936
       4                  50                  74       7.48071231013      -3.77841419833       2.92075117729
       4                  50                  75       8.15559436399      -4.15332145843       2.28515794282
       4                  50                  76       7.75034522729      -3.50552169888       2.93023825467
       4                  50                  77       8.47713832718      -2.86894298794       2.67228605999
       4                  50                  78       9.25545644214      -2.27333226608       2.47361854902
       4                  50                  79       9.82483610775      -2.96295199418       2.02614628506
       4                  50                  80       10.6720475436      -3.06326607567       2.54784530551
       4                  50                  81       11.3010030959      -3.67517306664       3.02741255597
       4                  50                  82       11.0408658657       -4.6238931279       3.20702009165
       4                  50                  83       11.8512363236      -4.15818776293       2.85146667222
       4                  50                  84       12.6765124722      -4.64711784277       2.56885977979
       4                  50                  85       13.3940255102      -4.55145425929       3.25880435657
       4                  50                  86       13.0292579623      -3.78196256068       2.73456475318
       4                  50                  87       13.3466825786      -3.94778662218       3.66823706915
       4                  50                  88       13.6431852293      -4.74633840968       4.19207026852
       4                  50                  89       14.6315262092      -4.88899099806       4.24529006318
       4                  50                  90       13.7364818127      -5.29325860757       4.43360689243
       4                  50                  91       12.9211946278      -4.73177810403       4.29202140482
       4                  50                  92       13.0573626662      -4.61641215049       5.27596701414
       4                  50                  93       13.8495982301      -4.16611762967       4.86414465462
       4                  50                  94       13.2146965324      -4.15791437045       4.09159527703
       4                  50                  95       13.5884313277      -4.97216821904       3.64739602802
       4                  50                  96       12.9960777867      -5.69534846213       3.29225152437
       4                  50                  97       13.8930154636      -5.44682384189       2.92654902649
       4                  50                  98       12.9851491657      -5.07338513553       3.11713317522
       4                  50                  99       13.6449590218      -4.33461113304       2.97978716297
