# BLOCK:       RW_SIMULATED:               STEP:                  X:                  Y:                  Z:
      23                  50                   0     -0.722293500886      0.219389515731       0.65586609835
      23                  50                   1      -1.61363589878      0.382647719784      0.232953000262
      23                  50                   2      -1.84792993939      0.910657603231     -0.583326281304
      23                  50                   3      -2.07792299139     0.0913704946067      -1.10856130458
      23                  50                   4      -2.77883839696      0.601092902517     -0.609661854674
      23                  50                   5      -2.86818819513      0.373936216578      -1.57941257192
      23                  50                   6      -2.03137042017      0.290246936901      -1.03836533185
      23                  50                   7      -1.48463998214     -0.447984586838     -0.643270348997
      23                  50                   8      -1.38841387571      -1.39321175042     -0.955177619942
      23                  50                   9      -1.54736160328     -0.866398947771      -1.79016497965
      23                  50                  10      -2.28852257393     -0.400682530908      -2.27368192315
      23                  50                  11      -2.05492330305     -0.671084528792      -3.20765951399
      23                  50                  12      -1.92179492607    0.00119421333216      -3.93588896144
      23                  50                  13      -2.26986369929      0.608525361238      -3.22174821488
      23                  50                  14      -1.93299452311        1.5485989288      -3.16901449031
      23                  50                  15      -2.28482303559       1.83907455549      -2.27916022802
      23                  50                  16      -1.55613504603       1.22264743536      -1.98077889576
      23                  50                  17      -2.31432230392      0.578122445057      -2.07946840304
      23                  50                  18      -1.78162827491      0.845257254228       -2.8825101611
      23                  50                  19      -1.04009127835       1.51214957393      -2.95584171403
      23                  50                  20     -0.476666875116      0.950121490971       -2.3503028005
      23                  50                  21      -1.09011349348       1.42799293269      -1.72155632408
      23                  50                  22     -0.917121379175        1.6325479231      -2.68500377168
      23                  50                  23      -1.87485855406       1.43724132032      -2.89617866308
      23                  50                  24      -1.53272724658       1.04687214883      -2.04145176026
      23                  50                  25      -1.77877060364      0.447156222971      -2.80290003475
      23                  50                  26     -0.969348516294    -0.0980832701899      -2.58484091522
      23                  50                  27     -0.639295910242      -0.25514805311      -3.51564483184
      23                  50                  28     -0.154563395311       -1.0974778853      -3.28002895212
      23                  50                  29     0.0946264698609      -2.05867207492      -3.16166451099
      23                  50                  30     -0.599399118738      -1.45233193013      -3.54983987237
      23                  50                  31     -0.100350851506     -0.635914273469      -3.25930065492
      23                  50                  32      0.426621232205      -1.37047276805       -3.6867632159
      23                  50                  33       1.21041374998     -0.866721337482      -4.04994882311
      23                  50                  34      0.368747822385     -0.559198122538      -4.49382711566
      23                  50                  35       1.30156481639     -0.587820444764      -4.85303905639
      23                  50                  36       1.30792881442     -0.625944267293      -3.85378629873
      23                  50                  37       1.88895802514      -1.40543381558      -3.61968995022
      23                  50                  38       1.87095401015      -1.86209991432      -4.50914592423
      23                  50                  39       0.89124891844      -1.74319964574      -4.34777473903
      23                  50                  40      0.710564972266      -1.41381679205      -3.42102760669
      23                  50                  41      0.508394591738      -2.39225847449      -3.46320593409
      23                  50                  42      0.282874738063       -1.9529702746       -2.5936274885
      23                  50                  43      0.315548241947      -2.86129809297      -3.01060832322
      23                  50                  44     -0.163111276814      -2.34806719795      -2.29823264039
      23                  50                  45      0.561959657743      -2.21576853138      -2.97407966649
      23                  50                  46     -0.429054730936      -2.20537580267      -2.84072872865
      23                  50                  47      0.125947515803      -2.96270057099       -3.1848678014
      23                  50                  48     -0.456443343636      -3.26967326278        -3.937588635
      23                  50                  49     -0.664765899413      -3.65036688795      -4.83851819746
      23                  50                  50    -0.0525951652639      -3.13961352441      -4.23488089421
      23                  50                  51     -0.338603305923      -3.88837859412      -3.63692586758
      23                  50                  52     -0.449842566637      -4.80354720368      -4.02434326905
      23                  50                  53     0.0942244216652        -4.183742287       -4.5898810463
      23                  50                  54     -0.867724702407      -4.22977381689      -4.32055785578
      23                  50                  55      -1.29919479262      -3.34761234876      -4.13181277529
      23                  50                  56      -1.80150676213       -4.2121936871      -4.11832964975
      23                  50                  57      -1.75063864553      -4.86179072651      -3.35975459011
      23                  50                  58      -2.39098951124      -4.90962234305      -2.59316284397
      23                  50                  59      -3.33752669633      -5.22634470339      -2.53189047095
      23                  50                  60      -3.49624846369      -5.99787686931      -3.14796312699
      23                  50                  61      -3.88014049618      -6.91687836681      -3.23775819915
      23                  50                  62      -4.36788042887      -7.35551633924      -3.99254723405
      23                  50                  63      -4.47183730837      -8.34498942434      -4.09322484369
      23                  50                  64      -3.63940850122      -8.76352063025      -3.73005283114
      23                  50                  65      -3.05224162506      -8.98298041259      -4.50920138147
      23                  50                  66      -2.99700757624      -8.05036256146      -4.86581481867
      23                  50                  67       -2.6094596589      -7.26150121911      -5.34278902585
      23                  50                  68      -3.04677593344      -7.71064815014      -4.56367317415
      23                  50                  69      -3.63308500264      -7.01262147083      -4.97476979339
      23                  50                  70        -4.297471667      -6.31560588577      -4.70502985495
      23                  50                  71      -4.07385476547      -6.93662207837      -5.45625177281
      23                  50                  72      -3.69647553014      -6.29536880743      -6.12436789688
      23                  50                  73      -3.99210178463       -6.1570270987      -7.06960156603
      23                  50                  74      -3.80186882065      -5.48117541716       -6.3575370156
      23                  50                  75      -3.08154051728      -4.94225752211      -5.92085104404
      23                  50                  76      -3.92056092372      -4.41790636921      -6.06611158941
      23                  50                  77       -3.2114210745      -3.71325781755      -6.09042399167
      23                  50                  78      -3.96046904216      -3.75182548765      -6.75181621795
      23                  50                  79      -3.59982107733      -3.25775449057      -5.96072400126
      23                  50                  80      -4.33587261594      -3.39908716861      -6.62273095486
      23                  50                  81      -3.90459503415      -4.06026413967      -6.00885420796
      23                  50                  82       -3.9663336817      -3.83047798913      -6.98013514797
      23                  50                  83      -4.55624047535      -4.11127739306      -6.22306073316
      23                  50                  84      -3.57212382539      -4.04535630382      -6.38789043095
      23                  50                  85      -3.00999908596      -3.80502675833      -5.59652611101
      23                  50                  86       -2.7888550314      -3.16312010231      -6.33072714076
      23                  50                  87      -3.56930331724      -3.73255440117      -6.07257011025
      23                  50                  88      -4.00414570419      -3.03598493344      -6.64327412735
      23                  50                  89      -3.26419832746      -2.40382130244      -6.41338932291
      23                  50                  90      -3.95111512904      -2.08572663948      -7.06681192207
      23                  50                  91      -3.78001806978      -1.83258954651      -8.01899226658
      23                  50                  92      -3.12242549528      -2.25949589908      -7.39824838051
      23                  50                  93      -4.05646825705       -2.0428000227      -7.11433463245
      23                  50                  94      -5.03219053645      -2.11478597105      -6.90749155974
      23                  50                  95       -4.9540554765      -2.54304489622      -7.80776329951
      23                  50                  96      -4.94391994586       -3.5241315978      -8.00106657161
      23                  50                  97      -5.08559773781      -3.51153284475      -7.01123392177
      23                  50                  98      -4.95428462559      -2.88122561735      -7.77639381725
      23                  50                  99      -5.61445361009      -3.58552314103      -8.03743387173
