# BLOCK:       RW_SIMULATED:               STEP:                  X:                  Y:                  Z:
       0                  50                   0     -0.068665911067      0.504017336393     -0.860959649038
       0                  50                   1      0.105447131216     -0.474577634657     -0.970670774922
       0                  50                   2       1.01234785978     -0.732896928123     -0.637801114004
       0                  50                   3     0.0472826471549     -0.514456659512     -0.782483471043
       0                  50                   4    -0.0557993209557      0.136844152668    -0.0306980229902
       0                  50                   5      0.779822597177      0.259976245035     -0.566024556767
       0                  50                   6      0.807439880948      0.611073127601      -1.50195631961
       0                  50                   7      0.590345075708     0.0828367131498     -0.681081094016
       0                  50                   8    -0.0923104282848     -0.258767639595    -0.0351028211196
       0                  50                   9      0.311389947938      0.635272790043      0.159107673989
       0                  50                  10      0.850522738942       1.44011650236      0.407225453289
       0                  50                  11      0.533793156151       1.69016840894     -0.507737068021
       0                  50                  12       0.89094914596       2.24899346295      0.240697403359
       0                  50                  13       1.03951917523       1.78041928017      -0.63014424794
       0                  50                  14       1.13304705859       1.51705318791      -1.59029571333
       0                  50                  15      0.891245998625       2.45067268232      -1.85465699464
       0                  50                  16      0.626278062361       1.48760989516      -1.80667719955
       0                  50                  17       1.50483506731       1.88676213729      -1.54435092056
       0                  50                  18       2.45283495298       1.67135598935      -1.31005109511
       0                  50                  19       1.67673759924       2.28454557577      -1.45726328425
       0                  50                  20       1.00635324237       2.06351432557     -0.748934264304
       0                  50                  21      0.587997033502        2.9534207952     -0.567152643109
       0                  50                  22     -0.238505709523       2.42430283185     -0.759317667561
       0                  50                  23      -1.16741909847       2.15154369302      -1.00976200872
       0                  50                  24     -0.766929704034       1.25125251128      -1.18030242336
       0                  50                  25      -0.80002573231      0.420430940073     -0.624748492835
       0                  50                  26     -0.224386978085      0.511668257605      -1.43734665707
       0                  50                  27      0.406068454698    -0.0265065973493     -0.877977572506
       0                  50                  28    -0.0592166857877     -0.904906405274     -0.987172423485
       0                  50                  29      0.242236086983     -0.921256227977    -0.0338315038314
       0                  50                  30      -0.18896838571      -1.76097073009     -0.363895524403
       0                  50                  31     -0.935380115086      -1.58542183318      0.278017331866
       0                  50                  32     -0.392903560793      -2.02122589517      0.996205334824
       0                  50                  33      0.214667145713      -2.19539052412      0.221270164234
       0                  50                  34    -0.0149002108431      -1.24614202898    0.00626755197474
       0                  50                  35     -0.449570656004      -2.14494588558     0.0629529246073
       0                  50                  36      0.513284395952      -2.04290828551     -0.187044029561
       0                  50                  37       1.35429311367      -2.23952904873      -0.69107241388
       0                  50                  38       1.68098546336      -1.30084186916     -0.801247218453
       0                  50                  39       1.89957710946     -0.359121845411     -0.545549957776
       0                  50                  40       1.82838559062      0.464098778931      -1.10879020075
       0                  50                  41        2.6512920934    -0.0687620198165      -1.30598111546
       0                  50                  42       3.53336531748     -0.530621673216      -1.39889229843
       0                  50                  43       3.82836115447    -0.0500569492515      -2.22474640312
       0                  50                  44       4.42239511583     0.0926409181192      -1.43306403538
       0                  50                  45       3.65056284322      0.503249953637     -0.947600171725
       0                  50                  46        2.8399937139       1.07233068404      -1.08589264758
       0                  50                  47       2.26452768116      0.256049772549      -1.03565004931
       0                  50                  48       1.55038919489      0.817056195106     -0.616987874903
       0                  50                  49       2.19645573188       1.19475524762     0.0462929521264
       0                  50                  50       2.13619914798      0.529526630425      0.790497245964
       0                  50                  51       3.03779874777      0.643499178374       0.37321027041
       0                  50                  52       3.45791976449       1.11154865356       1.15065996016
       0                  50                  53       4.07777333824      0.537355150863      0.615792342366
       0                  50                  54       4.47397667339     0.0463509516451     -0.160054158927
       0                  50                  55       4.29654223399     -0.760719178333      -0.72321916584
       0                  50                  56       3.83052425166      0.124044277525     -0.718651089011
       0                  50                  57        3.5016554885     -0.281529441697      -1.57150236262
       0                  50                  58       3.81266867788      -1.22132376511       -1.7131266039
       0                  50                  59       3.07298793435      -1.43770493543      -1.07590483185
       0                  50                  60       4.01918140493      -1.29827592884     -0.783881770504
       0                  50                  61       4.58691293523      -1.25115349133     0.0379821996216
       0                  50                  62       4.29170957702     -0.584714586724      0.722609224893
       0                  50                  63       4.07282228064     -0.747370333097     -0.239488202427
       0                  50                  64       3.57866686145      -1.34171682274      0.394990065079
       0                  50                  65       3.22270920466      -2.24556770769      0.632366821176
       0                  50                  66       2.39083448984      -2.55210429586       1.09498953892
       0                  50                  67       2.20436333852      -1.58315983224      0.932585302081
       0                  50                  68       2.75955728328      -1.11752047889        1.6217439749
       0                  50                  69       3.18959784533     -0.938922649022       2.50671173146
       0                  50                  70       3.41295095722    -0.0183244041245        2.8270432143
       0                  50                  71       4.00399963168      0.788244261156       2.83745727255
       0                  50                  72       4.01675546891        1.6818550607       2.38879589961
       0                  50                  73        4.1300424915       2.40770479142       3.06725608188
       0                  50                  74        4.6571069389       2.64702032145       2.25182297894
       0                  50                  75       5.31870193827       3.24653521543       1.80140767203
       0                  50                  76       6.17368259582       2.95930531478       2.23327230288
       0                  50                  77       5.57826613318       3.55558327249       2.77172548855
       0                  50                  78        5.5504637726       4.03159229725       1.89272467109
       0                  50                  79       5.11862898299       4.82666308841       1.46683601014
       0                  50                  80       5.89963437098       4.41340904153      0.998592829021
       0                  50                  81       6.80003690266       4.48333316218       1.42799462024
       0                  50                  82       6.53812235545       3.61452072745       1.00779737699
       0                  50                  83         5.630698281       3.42362198275      0.633445646159
       0                  50                  84       5.21478769538       3.76591849555        1.4759724897
       0                  50                  85        5.7979265079       4.10687050234       2.21333322529
       0                  50                  86        6.3760404964       4.71923847303       2.75258241145
       0                  50                  87       6.29881502766       5.70962093641       2.63778344275
       0                  50                  88        6.9446828839       4.96300694679       2.79722704652
       0                  50                  89       7.16550596821       5.87674639404       3.13828039716
       0                  50                  90       8.02980152788       5.50548638787       2.79892926138
       0                  50                  91       8.62989163697       6.07014833469       3.36554089802
       0                  50                  92       7.97070073911       5.85799503552       2.64411291283
       0                  50                  93       7.23867808375       5.86630321111       1.96288328468
       0                  50                  94       6.86472994006       4.95766781517       1.77702176885
       0                  50                  95       6.47214489788       4.12763288165        2.1731517902
       0                  50                  96        6.6926527902       4.61827900215       1.33015555422
       0                  50                  97       7.66695966363       4.83752415273       1.27860285941
       0                  50                  98       6.95876120904       4.82515883975       1.98450798614
       0                  50                  99       7.40252645029       5.06039578499       2.84922527535
