# BLOCK:       RW_SIMULATED:               STEP:                  X:                  Y:                  Z:
      29                  50                   0      0.163026612393      0.632229312551     -0.757435422992
      29                  50                   1     -0.178124204013     0.0984252256962      -1.53117266348
      29                  50                   2      0.749894686368      0.425283941702      -1.70990240042
      29                  50                   3       1.05558025803       1.11538889557      -2.36588371412
      29                  50                   4      0.172881018258       1.40324288058      -1.99442424739
      29                  50                   5      0.782996398582      0.694439937946      -2.34848301541
      29                  50                   6       1.58704479112      0.136627714029       -2.1426877159
      29                  50                   7        1.0261583398      0.738887306858      -1.57462982134
      29                  50                   8       1.58739151995       1.10166377256      -2.31854551107
      29                  50                   9       1.09404845333      0.990505881494      -3.18124855493
      29                  50                  10       1.87620703817      0.591962076002       -2.7023009761
      29                  50                  11       1.71313180467       1.49648429772      -2.30828826231
      29                  50                  12       1.22262849122      0.820206292534      -2.85788316694
      29                  50                  13      0.597680756962       1.54000087567      -3.16010177577
      29                  50                  14       1.02166484952       1.13491508948      -2.35007523603
      29                  50                  15       1.17551648778       1.08359035946      -3.33683531097
      29                  50                  16       1.71584770288      0.242138217964      -3.33614860382
      29                  50                  17       2.21799981493       1.09935507263      -3.45026486228
      29                  50                  18       1.73778922584      0.272038176989      -3.15881238877
      29                  50                  19       1.67679947036       1.17412580248      -2.73159094073
      29                  50                  20        2.4027841371      0.499832811178      -2.86677683328
      29                  50                  21       1.69558117998       1.19347295683      -2.72992901348
      29                  50                  22       2.16273027909      0.964256940026       -1.8759783493
      29                  50                  23       1.97173873811     0.0122849306275      -2.11529304713
      29                  50                  24       2.79081642701     -0.503046966242      -1.86321215613
      29                  50                  25       2.74617099576      0.431586930598      -2.21600992305
      29                  50                  26       3.17950619886      0.903516104747      -1.44821863869
      29                  50                  27       2.66557958044       1.40868570707      -2.14153177413
      29                  50                  28       2.29342720456      0.815210490241      -1.42788636069
      29                  50                  29       3.21980394086       0.53806537286      -1.17290258403
      29                  50                  30         3.397111648       1.10981031304      -1.97394546701
      29                  50                  31       3.30521527354       0.80301027021      -1.02661828484
      29                  50                  32       3.78457920256      0.813662856976      -1.90416984797
      29                  50                  33       3.52036728066       0.93036788342     -0.946792181043
      29                  50                  34       3.17436311385       1.34872818979       -1.7865872576
      29                  50                  35       4.16071998837        1.2462960568      -1.91545841122
      29                  50                  36       3.62278226956       2.08140240516      -1.80047842334
      29                  50                  37       2.67743070258        1.7588049003      -1.75313642645
      29                  50                  38       2.03387757586       2.49945291114      -1.56005639869
      29                  50                  39       2.43265464884       2.38951044135     -0.649622711156
      29                  50                  40       2.85809719867        2.1551871672      -1.52374583749
      29                  50                  41       3.80628815005          2.11894946      -1.20811829069
      29                  50                  42       3.00578967179       1.56891276648     -0.970080852291
      29                  50                  43       3.57019315866      0.821064335869     -0.620550554819
      29                  50                  44       4.37785530659       1.38564976499      -0.79062450349
      29                  50                  45       4.06172788243      0.505632614336     -0.436176670598
      29                  50                  46       3.19110232231      0.213637411601    -0.0402600939786
      29                  50                  47       2.88325886984     -0.423544619936      0.666303043652
      29                  50                  48       2.36087520744       0.33712293847      0.280945839435
      29                  50                  49       1.40661228095      0.423886572315   -0.00515613360396
      29                  50                  50       1.63333907735       1.14459822122      0.649954299019
      29                  50                  51       1.38463762876      0.203815533851      0.419573039758
      29                  50                  52      0.927173672593       0.82097689949       1.05975940135
      29                  50                  53       1.44230457189       1.51861650658       0.56182453091
      29                  50                  54      0.980314988864       1.78752223805     -0.283311749674
      29                  50                  55    0.00277190417232       1.98638773732     -0.213583485867
      29                  50                  56      0.406570773125       1.81178004747      -1.11161390188
      29                  50                  57      0.529649642831       1.68774839624     -0.126998372178
      29                  50                  58      0.932088627617       2.58607263281     0.0492299726242
      29                  50                  59      0.950638760192       2.62340810103     -0.949900627144
      29                  50                  60      0.831148311963       1.76272027325     -0.454988012754
      29                  50                  61       1.13571799739       2.23089109915      0.374501821115
      29                  50                  62      0.936151921168       1.66265413234       1.17280009292
      29                  50                  63      0.726393545882        1.4288771437       2.12219450179
      29                  50                  64     -0.248234711382       1.20543196029       2.10907923758
      29                  50                  65     -0.660764183724      0.897106990274       2.96625783468
      29                  50                  66     -0.881682153734      0.811868407217       1.99469742251
      29                  50                  67     -0.768881007739      0.455067732022       1.06735219033
      29                  50                  68     -0.191664944128       1.14139140671       1.50982414365
      29                  50                  69    -0.0518642818484      0.284916186293       2.00672048258
      29                  50                  70     -0.283575478912      0.854391578343       1.21804583547
      29                  50                  71      0.656087495889       0.60211543954      0.986982546346
      29                  50                  72       1.49679892823     0.0976619362039       1.18378435148
      29                  50                  73       1.09348407918      0.927239093985      0.797599328698
      29                  50                  74      0.824159651848        1.8215464976      0.440277875816
      29                  50                  75      0.644511224312        2.6073318052     -0.151556469955
      29                  50                  76       1.37768244173       3.18254652678      0.211194119325
      29                  50                  77       1.82945354643       2.29120696356      0.173555681625
      29                  50                  78        1.0406978918       2.54532864362      0.733275869763
      29                  50                  79       1.52795181411       1.86315491467        1.2784571412
      29                  50                  80       1.83075341389       1.25833414508      0.541909092638
      29                  50                  81       1.30920725954      0.879624876294     -0.222661962678
      29                  50                  82       2.26393122956       1.17264159843     -0.171248524465
      29                  50                  83       1.79154465637      0.379914047697      -0.55651980005
      29                  50                  84       2.55959213523    -0.0389876469067      -1.04090027084
      29                  50                  85       1.72641531517     -0.229398529332      -0.52170851207
      29                  50                  86        1.4698196625     -0.500605353224      0.405979759766
      29                  50                  87       1.31228293859      0.486860573097      0.415635067964
      29                  50                  88       1.45211986381     -0.258168203636     -0.236574833973
      29                  50                  89      0.762985125503      0.462885541644      -0.30851097837
      29                  50                  90      0.272190919821      0.825843224971      -1.10058595448
      29                  50                  91      -0.57410009984      0.889909177188      -1.62944043712
      29                  50                  92     -0.646575076967     -0.104342276931      -1.70825302287
      29                  50                  93      -1.40926147027      0.476650717707      -1.42407595543
      29                  50                  94      -1.16879916102       1.21072522646     -0.789007066699
      29                  50                  95      -1.59406642736       1.45252057341     0.0831642251749
      29                  50                  96      -2.08191062311       1.93193351562      0.812664925325
      29                  50                  97      -2.44697952828       2.07053815018       1.73326986218
      29                  50                  98      -1.82714333084       1.47171177273       1.22611105271
      29                  50                  99      -1.73656811888      0.819582924851       1.97878900293
