# BLOCK:       RW_SIMULATED:               STEP:                  X:                  Y:                  Z:
      17                  50                   0     -0.332885023717     -0.535470076334     -0.776182554774
      17                  50                   1     -0.912083729128      -1.09132013449      -1.37247071707
      17                  50                   2       -1.6281571529      -1.67377248371      -1.75716294815
      17                  50                   3      -1.40099488989      -2.18609633972      -2.58536677138
      17                  50                   4       -1.2214409036      -3.16385233825      -2.69378066971
      17                  50                   5       -1.0680355761      -4.09189818766      -3.03318854659
      17                  50                   6     -0.245263404402      -4.04773071812       -2.4665359298
      17                  50                   7     -0.748059202857       -4.7049196763      -3.02805089692
      17                  50                   8     -0.136546323887      -5.26194280948      -2.46611030579
      17                  50                   9     0.0668532113727      -4.62156687539      -1.72547052013
      17                  50                  10      0.181470346745      -5.38647575714      -1.09161145464
      17                  50                  11      0.556335693938       -5.2633190027      -2.01047400438
      17                  50                  12      0.311402263763      -4.36838817333      -1.63750426642
      17                  50                  13      0.619880686038      -5.31137070086      -1.51250420342
      17                  50                  14       0.40119967715       -6.2698518066      -1.32949440506
      17                  50                  15        1.3205169815      -5.91415931151      -1.16115384889
      17                  50                  16       1.31165690781       -5.6523537021      -2.12623380516
      17                  50                  17       1.28097093915      -6.62574594405      -1.89915250993
      17                  50                  18      0.408658156691      -6.24688640973      -1.59006374788
      17                  50                  19      0.912540123137      -5.83313315592      -0.83183475289
      17                  50                  20       1.78619750718      -6.28342998854      -0.64756446817
      17                  50                  21       1.12172695729      -6.62423364413      -1.31264473149
      17                  50                  22      0.777175389306       -6.9944679067     -0.449968194294
      17                  50                  23       0.65459511386      -7.97808239444     -0.317769043077
      17                  50                  24       0.77829147523      -8.29206639708      -1.25910493226
      17                  50                  25       1.03217241699      -7.33204058754      -1.37698161539
      17                  50                  26       1.99615128823      -7.51489232394      -1.57013952565
      17                  50                  27       2.83622060706      -8.04523644873      -1.45604023175
      17                  50                  28       2.00414986966      -8.30591048303      -1.94563939003
      17                  50                  29       2.52831950688      -8.45632243443      -2.78386515692
      17                  50                  30       2.85947857085      -9.29134574377      -3.22326218379
      17                  50                  31       2.32856897573      -9.02984567369      -2.41718978309
      17                  50                  32       1.79684763131      -8.24377458395      -2.73241137776
      17                  50                  33      0.850056032132      -8.50537479506      -2.91989736999
      17                  50                  34      0.323151527025      -9.34308379535      -3.06347756821
      17                  50                  35      0.651625029521      -8.46564179911      -2.71390539915
      17                  50                  36       0.71935550172      -9.45571261886      -2.59072928533
      17                  50                  37      0.307512190121      -8.93221428116      -1.84485089235
      17                  50                  38      0.475778645005      -9.68593831571      -1.20956632626
      17                  50                  39      0.695168396014      -10.3416688833     -0.487149853688
      17                  50                  40      0.260948083955      -11.0050953432      0.122208868967
      17                  50                  41     -0.403954648635      -11.6643056123     -0.228997875532
      17                  50                  42      -1.00893619259         -12.1588269      0.395058233724
      17                  50                  43     -0.675452541712      -12.4700217071     -0.494855496129
      17                  50                  44    -0.0428912468372      -12.3263969978       0.26622147178
      17                  50                  45      0.680314953017      -11.6700876866     0.0512077964352
      17                  50                  46      0.498938602415      -12.5083540686     -0.463002367122
      17                  50                  47      0.269423326106      -12.6792842675      -1.42118064126
      17                  50                  48     0.0979833596671      -11.7102359365      -1.24354711413
      17                  50                  49      0.880877659863       -11.390841263     -0.709633678009
      17                  50                  50       1.63210861515      -10.7602946683     -0.904731201783
      17                  50                  51       1.61174227383      -11.4319442908      -1.64532015439
      17                  50                  52       1.92993504202      -11.7647846879      -0.75764305524
      17                  50                  53       1.62272643676       -11.658085417      0.187998599116
      17                  50                  54        2.0880096065       -10.838721095     -0.146894935903
      17                  50                  55       2.59194429852      -10.5417615893      -0.95798363521
      17                  50                  56       3.53095793497      -10.2127181369      -1.05790258718
      17                  50                  57       3.08877594416      -10.9173296505      -0.50292718063
      17                  50                  58       3.25819864951      -10.3429405401      -1.30378490629
      17                  50                  59       2.29622047191      -10.6018011681      -1.39090069746
      17                  50                  60       2.81889291289      -10.4840085428     -0.546543890851
      17                  50                  61       1.84847224533      -10.3685925016     -0.758588380043
      17                  50                  62       2.49093149797       -10.420360965      -1.52315762798
      17                  50                  63       1.78857858087      -10.5826854432      -0.83008393519
      17                  50                  64       1.69998750352      -10.5536907215      0.165562049649
      17                  50                  65       2.17372974862      -11.2845787049     -0.325733218906
      17                  50                  66       1.97694190852      -11.4731620064       -1.2878719222
      17                  50                  67       1.86219703603      -10.7044387043      -1.91707626024
      17                  50                  68       1.05266880549      -10.7010413535      -2.50414738197
      17                  50                  69      0.139004140952       -10.728165732      -2.90971013774
      17                  50                  70     0.0961850928614      -10.2351649848      -3.77868470148
      17                  50                  71     -0.308405633032      -9.40093450661      -3.40403038919
      17                  50                  72      0.385882741568      -9.89605704619      -3.92634956718
      17                  50                  73      0.654562789037      -10.8531327233      -4.03505642287
      17                  50                  74       1.32789792471       -11.517549662      -3.71075729165
      17                  50                  75        1.3470404608      -12.3228610477      -3.11821435191
      17                  50                  76        1.6126384649      -11.7905446836      -2.31441276647
      17                  50                  77       2.18382443257      -12.4364605121      -2.82090988677
      17                  50                  78       2.58622747667      -13.0195712978      -3.52663901447
      17                  50                  79        2.4532922842      -12.8911447418      -4.50940798749
      17                  50                  80       3.07584514397      -12.5447976876      -5.21117123449
      17                  50                  81       2.54769093081      -13.3939400153      -5.20794099139
      17                  50                  82       2.29241287496      -14.2464657171      -4.75183459821
      17                  50                  83       2.65443286412      -13.8686754676      -3.89965148716
      17                  50                  84        3.5950483097      -13.5400938984      -3.81434770071
      17                  50                  85       3.11362089528      -14.0226109583       -4.5460613958
      17                  50                  86       2.52131594915      -13.5457781742      -5.19552682735
      17                  50                  87       1.81981892633       -13.797865686      -4.52892813746
      17                  50                  88      0.934157014888      -13.3382969599      -4.46259892375
      17                  50                  89    -0.0206447255918      -13.6294730641      -4.40284850361
      17                  50                  90     -0.795522275874      -14.1235836466      -4.00861568624
      17                  50                  91      -1.76203305403      -14.2621413887      -3.79260951083
      17                  50                  92      -1.59210799905       -14.587484461      -4.72281237097
      17                  50                  93      -2.24173483777      -14.5377057182      -5.48143417871
      17                  50                  94       -3.0642122549      -14.1460917287      -5.89395009545
      17                  50                  95      -3.13639242604       -14.859435145      -5.19686244426
      17                  50                  96      -3.06594506652      -15.3719176826      -4.34105941892
      17                  50                  97      -3.50278849481      -15.7783579748      -5.14353939249
      17                  50                  98      -4.09356649971      -16.2643143783      -4.49946818302
      17                  50                  99      -4.95962709439      -16.1343654954      -4.01671324087
