# GENERATION:               LOSS:
            1             2070.97
            2             2067.34
            3             1988.16
            4             1892.75
            5             1828.54
            6             1828.54
            7             1694.92
            8              1592.4
            9             1569.66
           10             1486.06
           11             1486.06
           12             1453.51
           13             1277.38
           14             1277.38
           15             1277.38
           16             1205.88
           17             1080.11
           18             1043.19
           19              999.86
           20              999.86
           21             978.284
           22             904.774
           23             855.817
           24             839.853
           25             816.988
           26              788.63
           27             774.128
           28              710.96
           29              710.96
           30             698.401
           31             641.057
           32             641.057
           33             640.902
           34             606.348
           35              576.17
           36              576.17
           37              555.59
           38              555.59
           39             517.735
           40             517.735
           41             517.735
           42             517.735
           43             516.408
           44             508.027
           45              498.41
           46             490.175
           47             486.001
           48             474.324
           49             463.859
           50             463.859
           51             454.769
           52             451.159
           53             451.159
           54             446.739
           55             439.568
           56             426.856
           57             414.073
           58             411.031
           59             405.048
           60             405.048
           61              402.83
           62             402.078
           63             392.971
           64             388.104
           65             377.075
           66             377.075
           67             375.001
           68             369.263
           69             356.284
           70             356.284
           71             356.284
           72             335.403
           73             335.403
           74             330.049
           75             301.595
           76             301.595
           77             301.595
           78             301.595
           79             301.595
           80             301.595
           81             301.595
           82             301.595
           83             297.968
           84             296.323
           85             283.615
           86              283.01
           87             277.774
           88             271.336
           89             266.039
           90             266.039
           91             256.037
           92             256.037
           93             252.593
           94             251.375
           95             250.619
           96             249.684
           97             243.323
           98             233.079
           99             232.998
          100             229.446
          101             229.446
          102              224.18
          103             208.859
          104             208.859
          105             208.859
          106             197.238
          107             197.238
          108             197.238
          109             197.238
          110             197.238
          111             197.238
          112             197.238
          113             197.238
          114             197.238
          115             191.592
          116             191.592
          117             191.592
          118             189.486
          119              187.14
          120             185.378
          121             183.214
          122             183.214
          123             151.135
          124             151.135
          125             151.135
          126             151.135
          127             151.135
          128             151.135
          129             146.304
          130             146.304
          131             135.977
          132             135.977
          133             135.977
          134             135.977
          135             135.977
          136             128.123
          137             128.123
          138             128.123
          139             128.123
          140             128.123
          141             128.123
          142             128.123
          143             128.123
          144             128.123
          145             128.123
          146             128.123
          147              126.63
          148             122.495
          149             122.495
          150             122.495
          151             122.495
          152             122.495
          153             122.495
          154             122.495
          155             122.495
          156             122.122
          157             122.122
          158             120.713
          159             120.713
          160             116.578
          161              115.37
          162              115.37
          163              115.37
          164              115.37
          165             114.049
          166             111.699
          167             110.204
          168             110.204
          169             110.204
          170             110.204
          171             109.072
          172             109.072
          173             107.145
          174             107.145
          175              106.89
          176             104.972
          177             104.972
          178             102.852
          179             101.488
          180             100.601
          181             100.601
          182             98.3291
          183             98.1012
          184              97.846
          185              97.815
          186              97.691
          187             96.3572
          188              94.941
          189             94.3353
          190              92.832
          191             92.3912
          192             91.3513
          193             91.3513
          194             90.7706
          195             89.0118
          196             88.0623
          197              86.567
          198             85.6632
          199             85.6632
          200             84.9512
          201             84.9512
          202             84.2283
          203             83.7149
          204             83.5314
          205             83.1554
          206             81.8818
          207             81.8818
          208             80.3149
          209             80.3149
          210             79.9265
          211             76.7433
          212             76.7433
          213             76.7433
          214             76.3387
          215              75.745
          216              75.745
          217             75.4101
          218             75.4101
          219             74.9766
          220             73.6868
          221             73.6868
          222             73.6868
          223             73.3954
          224             71.6959
          225             71.6959
          226             71.6959
          227             71.6959
          228             70.8315
          229             70.8315
          230             70.8315
          231             70.8315
          232             70.8107
          233             70.0166
          234             70.0166
          235             70.0166
          236             68.8901
          237             68.7208
          238             68.7208
          239             68.7208
          240             68.2806
          241             68.1987
          242             67.7311
          243             67.0114
          244             66.7575
          245             66.7575
          246              66.474
          247             65.6401
          248             65.6401
          249             65.6401
          250             65.6401
          251             65.4988
          252             65.4988
          253             65.4776
          254             64.7702
          255             64.7702
          256             64.0288
          257             64.0288
          258             64.0288
          259              63.952
          260             63.5344
          261             63.2042
          262             63.0091
          263             63.0091
          264             62.2461
          265             62.2461
          266              61.729
          267             61.6238
          268             61.5174
          269             61.5174
          270             60.7649
          271             60.5614
          272             60.5614
          273             60.2882
          274             60.1986
          275             60.1986
          276             60.0496
          277             59.3262
          278             59.3262
          279             59.1141
          280             59.1141
          281             58.4128
          282             58.4128
          283             58.4128
          284             58.4128
          285             58.4128
          286             58.4128
          287             58.4128
          288             58.4128
          289             58.4128
          290             58.1463
          291             58.1463
          292             58.1463
          293             58.1463
          294             58.1463
          295             58.1463
          296             58.1463
          297             58.1463
          298             58.1463
          299             58.1463
          300             58.1463
          301             58.1463
          302             58.0728
          303             58.0728
          304             58.0728
          305             58.0728
          306             58.0728
          307             57.9504
          308             57.9504
          309             57.9504
          310             57.9504
          311             57.9504
          312             57.9504
          313             57.9504
          314             57.6542
          315             57.6542
          316             57.6542
          317             57.5317
          318             57.5317
          319             57.5317
          320             57.5317
          321             57.2063
          322             57.2063
          323             57.2063
          324             57.2063
          325             57.2063
          326             57.2063
          327             57.2063
          328             56.8461
          329             56.8461
          330             56.8461
          331             56.8461
          332             56.8461
          333             56.8461
          334             56.8461
          335             56.8461
          336             56.8461
          337             56.8461
          338             56.8461
          339             56.8461
          340              56.501
          341              56.501
          342              56.501
          343              56.501
          344             56.4627
          345             56.4627
          346             56.4627
          347             56.4627
          348             56.4627
          349             56.4627
          350             56.4627
          351             56.4627
          352             56.4627
          353             56.4627
          354             56.4627
          355             56.4627
          356             56.4627
          357             56.4627
          358             56.4627
          359             56.4627
          360             56.4627
          361             56.4627
          362             56.4627
          363             56.4627
          364             56.4627
          365             56.0135
          366             56.0135
          367             56.0135
          368             56.0135
          369             56.0135
          370             56.0135
          371             56.0135
          372             56.0135
          373             56.0135
          374             56.0135
          375             56.0135
          376             56.0135
          377             56.0135
          378             56.0135
          379             56.0135
          380             56.0135
          381             56.0135
          382             56.0135
          383             56.0135
          384             56.0135
          385             56.0135
          386             56.0135
          387             56.0135
          388             56.0135
          389             55.8852
          390             55.8852
          391             55.8852
          392             55.8852
          393             55.8852
          394             55.8074
          395             55.8074
          396             55.8074
          397             55.8074
          398             55.8074
          399             55.8074
          400             55.8074
          401             55.8074
          402             55.8074
          403             55.7729
          404             55.7729
          405             55.7729
          406             55.7729
          407             55.7729
          408             55.7729
          409             55.7729
          410             55.7729
          411             55.4926
          412             55.4926
          413             55.4926
          414             55.4926
          415              55.458
          416              55.458
          417              55.458
          418              55.458
          419              55.458
          420              55.458
          421              55.458
          422              55.458
          423              55.458
          424              55.458
          425              55.458
          426              55.458
          427              55.458
          428              55.458
          429              55.458
          430              55.458
          431              55.458
          432              55.458
          433              55.458
          434              55.458
          435              55.458
          436              55.458
          437              55.458
          438              55.458
          439              55.458
          440              55.458
          441              55.458
          442              55.458
          443              55.458
          444              55.458
          445              55.458
          446              55.458
          447              55.458
          448              55.458
          449              55.458
          450              55.458
          451             55.2651
          452             55.2651
          453             55.2651
          454             55.2651
          455             55.2651
          456             55.2651
          457             55.2651
          458             55.2651
          459             55.2651
          460             55.2651
          461             55.2651
          462             55.2651
          463             55.2651
          464             55.2651
          465             55.2651
          466             55.2651
          467             55.2651
          468             55.2651
          469             55.2651
          470             55.2651
          471             55.2651
          472             55.2651
          473             55.2651
          474             55.2651
          475             55.2651
          476             55.2651
          477             55.2651
          478             55.2651
          479             55.2651
          480             55.2651
          481             55.2651
          482             55.2651
          483             55.2651
          484             55.2651
          485             55.2651
          486             55.2651
          487             55.2651
          488             55.2651
          489             55.2651
          490             55.2651
          491             55.2651
          492             55.2651
          493             55.2651
          494             55.2651
          495             55.2651
          496             55.2651
          497             55.2651
          498             55.2651
          499             55.2651
          500             55.2651
          501             55.2651
          502             55.2651
          503             55.2651
          504             55.2651
          505             55.2651
          506             55.2651
          507             55.2651
          508             55.2651
          509             55.2651
          510             55.2651
          511             55.2651
          512             55.2368
          513             55.2368
          514             55.2368
          515             55.2368
          516             55.2368
          517             55.2368
          518             55.2368
          519             55.2368
          520             55.2368
          521             55.2368
          522             55.2368
          523             55.2368
          524             55.2368
          525             55.2368
          526             55.2368
          527             55.2368
          528             55.2368
          529             55.2368
          530             55.2368
          531             55.2368
          532             55.2368
          533             55.2368
          534             55.2368
          535             55.2368
          536             55.2368
          537             55.2368
          538             55.2368
          539             55.2368
          540             55.2368
          541             55.2368
          542             55.2368
          543             55.2368
          544             55.2368
          545             55.2368
          546             55.2368
          547             55.2368
          548             55.2368
          549             55.2368
          550             55.2368
          551             55.2368
          552             55.2368
          553             55.2368
          554             55.2368
          555             55.2368
          556             55.2368
          557             55.2368
          558             55.2368
          559             55.2368
          560             55.2368
          561             55.2368
          562             55.2368
          563             55.2368
          564             55.2368
          565             55.2368
          566             55.2368
          567             55.2368
          568             55.2368
          569             55.2368
          570             55.2368
          571             55.2368
          572             55.2368
          573             55.2368
          574             55.2368
          575             55.2368
          576             55.2368
          577             55.2368
          578             55.2368
          579             55.2368
          580             55.2368
          581             55.2368
          582             55.2368
          583             55.2368
          584             55.2368
          585             55.2368
          586             55.2368
          587             55.2368
          588             55.2368
          589             55.2368
          590             55.2368
          591             55.2368
          592             55.2368
          593             55.2368
          594             55.2368
          595             55.2368
          596             55.2368
          597             55.2368
          598             55.2368
          599             55.2368
          600             55.2368
          601             55.2368
          602             55.2368
          603             55.2368
          604             55.2368
          605             55.2368
          606             55.2368
          607             55.2368
          608             55.2368
          609             55.2368
          610             55.2368
          611             55.2368
          612             55.2368
          613             55.2368
          614             55.2368
          615             55.2368
          616             55.2368
          617             55.2368
          618             55.2368
          619             55.2368
          620             55.2368
          621             55.2368
          622             55.2368
          623             55.2368
          624             55.2368
          625             55.2368
          626             55.2368
          627             55.2368
          628             55.2368
          629             55.2368
          630             55.2368
          631             55.2368
          632             55.2368
          633             55.2368
          634             55.2368
          635             55.2368
          636             55.2368
          637             55.2368
          638             55.2368
          639             55.2368
          640             55.2368
          641             55.2368
          642             55.2368
          643             55.2368
          644             55.2368
          645             55.2368
          646             55.2368
          647             55.2368
          648             55.2368
          649             55.2368
          650             55.2368
          651             55.2368
          652             55.2368
          653             54.8972
          654             54.8972
          655             54.8972
          656             54.8972
          657             54.8589
          658             54.8589
          659             54.8589
          660             54.8589
          661             54.8589
          662             54.8589
          663             54.8589
          664             54.8589
          665             54.8589
          666             54.8589
          667             54.8589
          668             54.8589
          669             54.8589
          670             54.8589
          671             54.8589
          672             54.8589
          673             54.8589
          674             54.8589
          675             54.8589
          676             54.8589
          677             54.8589
          678             54.8589
          679             54.8589
          680             54.8589
          681             54.8589
          682             54.8589
          683             54.8589
          684             54.8589
          685             54.8589
          686             54.8589
          687             54.8589
          688             54.8589
          689             54.8589
          690             54.8589
          691             54.8589
          692             54.8589
          693             54.8589
          694             54.8589
          695             54.8589
          696             54.8589
          697             54.8589
          698             54.8589
          699             54.8589
          700             54.8589
          701             54.8589
          702             54.8589
          703             54.8589
          704             54.8589
          705             54.8589
          706             54.8589
          707             54.8589
          708             54.8589
          709             54.8589
          710             54.8589
          711             54.8589
          712             54.8589
          713             54.8589
          714             54.8589
          715             54.8589
          716             54.8589
          717             54.8589
          718             54.8589
          719             54.8589
          720             54.8589
          721             54.8589
          722             54.8589
          723             54.8589
          724             54.8589
          725             54.8589
          726             54.8589
          727             54.8589
          728             54.8589
          729             54.8589
          730             54.8589
          731             54.8589
          732             54.8589
          733             54.8589
          734             54.8589
          735             54.8589
          736             54.8589
          737             54.8589
          738             54.8589
          739             54.8589
          740             54.8589
          741             54.8589
          742             54.8589
          743             54.8589
          744             54.8589
          745             54.8589
          746             54.8589
          747             54.8589
          748             54.8589
          749             54.8589
          750             54.8589
          751             54.8589
          752             54.8589
          753             54.8589
          754             54.8589
          755             54.8589
          756             54.8589
          757             54.8589
          758             54.8589
          759             54.8589
          760             54.8589
          761             54.8589
          762             54.8589
          763             54.8589
          764             54.8589
          765             54.8589
          766             54.8589
          767             54.8589
          768             54.8589
          769             54.8589
          770             54.8589
          771             54.8589
          772             54.8589
          773             54.8589
          774             54.8589
          775             54.8589
          776             54.8589
          777             54.8589
          778             54.8589
          779             54.8589
          780             54.8589
          781             54.8589
          782             54.8589
          783             54.8589
          784             54.8589
          785             54.8589
          786             54.8589
          787             54.8589
          788             54.8589
          789             54.8589
          790             54.8589
          791             54.8589
          792             54.8589
          793             54.8589
          794             54.8589
          795             54.8589
          796             54.8589
          797             54.8589
          798             54.8589
          799             54.8589
          800             54.8589
          801             54.8589
          802             54.8589
          803             54.8589
          804             54.8589
          805             54.8589
          806             54.8589
          807             54.8589
          808             54.8589
          809             54.8589
          810             54.8589
          811             54.8589
          812             54.8589
          813             54.8589
          814             54.8589
          815             54.8589
          816             54.8589
          817             54.8589
          818             54.8589
          819             54.8589
          820             54.8589
          821             54.8589
          822             54.8589
          823             54.8589
          824             54.8589
          825             54.8589
          826             54.8589
          827             54.8589
          828             54.8589
          829             54.8589
          830             54.8589
          831             54.8589
          832             54.8589
          833             54.8589
          834             54.8589
          835             54.8589
          836             54.8589
          837             54.8589
          838             54.8589
          839             54.8589
          840             54.8589
          841             54.8589
          842             54.8589
          843             54.8589
          844             54.8589
          845             54.8589
          846             54.8589
          847             54.8589
          848             54.8589
          849             54.4365
          850             54.4365
          851             54.4365
          852             54.4365
          853             54.4365
          854             54.4365
          855             54.4365
          856             54.4365
          857             54.4365
          858             54.4365
          859             54.4365
          860             54.4365
          861             54.4365
          862             54.4365
          863             54.4365
          864             54.4365
          865             54.4365
          866             54.4365
          867             54.4365
          868             54.4365
          869             54.4365
          870             54.4365
          871             54.4365
          872             54.4365
          873             54.4365
          874             54.4365
          875             54.4365
          876             54.4365
          877             54.4365
          878             54.4365
          879             54.4365
          880             54.0319
          881             54.0319
          882             54.0319
          883             54.0319
          884             54.0319
          885             54.0319
          886             54.0319
          887             54.0319
          888             54.0319
          889             54.0319
          890             54.0319
          891             54.0319
          892             54.0319
          893             54.0319
          894             54.0319
          895             54.0319
          896             54.0319
          897             54.0319
          898             54.0319
          899             54.0319
          900             54.0319
          901             54.0319
          902             54.0319
          903             54.0319
          904             54.0319
          905             54.0319
          906             54.0319
          907             54.0319
          908             54.0319
          909             54.0319
          910             54.0319
          911             54.0319
          912             54.0319
          913             54.0319
          914             54.0319
          915             54.0319
          916             54.0319
          917             54.0319
          918             54.0319
          919             54.0319
          920             54.0319
          921             54.0319
          922             54.0319
          923             54.0319
          924             54.0319
          925             54.0319
          926             54.0319
          927             54.0319
          928             54.0319
          929             54.0319
          930             54.0319
          931             54.0319
          932             54.0319
          933             54.0319
          934             54.0319
          935             54.0319
          936             54.0319
          937             54.0319
          938             54.0319
          939             54.0319
          940             54.0319
          941             54.0319
          942             54.0319
          943             54.0319
          944             54.0319
          945             54.0319
          946             54.0319
          947             54.0319
          948             54.0319
          949             54.0319
          950             54.0319
          951             54.0319
          952             54.0319
          953             54.0319
          954             54.0319
          955             54.0319
          956             54.0319
          957             54.0319
          958             54.0319
          959             54.0319
          960             54.0319
          961             54.0319
          962             54.0319
          963             54.0319
          964             54.0319
          965             54.0319
          966             54.0319
          967             54.0319
          968             54.0319
          969             54.0319
          970             54.0319
          971             54.0319
          972             54.0319
          973             54.0319
          974             54.0319
          975             54.0319
          976             54.0319
          977             54.0319
          978             54.0319
          979             53.9374
          980             53.9374
          981             53.9374
          982             53.9374
          983             53.9374
          984             53.9374
          985             53.9374
          986             53.9374
          987             53.9374
          988             53.9374
          989             53.9374
          990             53.9374
          991              53.778
          992              53.778
          993              53.778
          994              53.778
          995              53.778
          996              53.778
          997              53.778
          998              53.778
          999              53.778
         1000              53.778
