# GENERATION:    START CITY:        CITY 2:        CITY 3:        CITY 4:        CITY 5:        CITY 6:        CITY 7:        CITY 8:        CITY 9:       CITY 10:       CITY 11:       CITY 12:       CITY 13:       CITY 14:       CITY 15:       CITY 16:       CITY 17:       CITY 18:       CITY 19:       CITY 20:       CITY 21:       CITY 22:       CITY 23:       CITY 24:       CITY 25:       CITY 26:       CITY 27:       CITY 28:       CITY 29:       CITY 30:       CITY 31:       CITY 32:       CITY 33:       CITY 34:     LAST CITY:
            1              1             23              7             24             12              9              2             33             20             11             26             17              8              4             22             25             16             10             30             29              3             31             15             14             34             28             18             27             19             21             13              5             32              6              1
            2              1             23              7             24             12              9              2             33             20             11             26             17              8              4             22             25             16             10             30             29              3             31             15             14             34             28             18             27             19             21             13              5             32              6              1
            3              1             23             31             21             32             13              4             17             26              5             33             30             16             24             12             14             27             28             15             10             19             29             18              6              3              9              7             11             34             22              8              2             25             20              1
            4              1              5              2             12             20             14             29             16             30             19             10             25              8             32             24             23             11              9             34             26              4             13             17             31              7              6              3             22             33             21             15             18             28             27              1
            5              1              5              2             12             20             14             29             16             30             19             10             25              8             32              3             13             22              6              7             28             24             23             11              9             34             26              4             17             31             33             21             15             18             27              1
            6              1              5              2             12             20             14             29             16             30             19             10             25              8             32              3             13             22              6              7             28             24             23             11              9             34             26              4             17             31             33             21             15             18             27              1
            7              1              5              2             12             20             23              9              7             17              3             26             25              8             21             30             24             29             19             22             14             13              6             11             16             15             10              4             27             28             18             34             33             32             31              1
            8              1             23              7             20             14              2             32              8             17             13              9              6             11             16             18             28             27              4             10             15             24             34             12             25              3             31              5             21             30             22             19             29             33             26              1
            9              1             23              7             20             14              2             32              8             17             13              9              6             11             16             18             28             27              4             10             15             24             34             12             25              3             31              5             21             30             22             19             29             33             26              1
           10              1              5              2             12             20             23              9              7             34             33              4             10             15             24             29             14             26             25             32              8              3             21             30             22             19             17             13              6             11             16             18             28             27             31              1
           11              1              5              2             12             20             23              9              7             34             33              4             10             15             24             29             14             26             25             32              8              3             21             30             22             19             17             13              6             11             16             18             28             27             31              1
           12              1             23              7             20             14              2             32              8             17             13              9              6             11             16             18             28             27             29             24             12             34             25             31              5              3             21             22              4             30             19             10             15             33             26              1
           13              1             23              7             20             14              2             32              8             17             13              9              6             11             16             18             28             27             29             24             12             34             25             31              5              3             21             22              4             30             19             10             15             33             26              1
           14              1             23              7             20             14              2             32              8             17             13              9              6             11             16             18             28             27             29             24             12             34             25             31              5              3             21             22              4             30             19             10             15             33             26              1
           15              1             23              7             20              6             17             13             12             10             19              4             21             22             14              2             32              8              9             11             16             18             28             27             29             24             34             25             31              5              3             30             15             33             26              1
           16              1             23              7             20             34             24             15             14              2             32              8             17             13              9              6             11             16             18             28             27             29             12             25             31              5              3             21             22              4             30             19             10             33             26              1
           17              1             23              7             20             34             24             15             14              2             32              8             17             13              9              6             11             16             18             28             27             29             12             25             31              5              3             21             22              4             30             19             10             33             26              1
           18              1             23              7             20             34             24             15             14              2             32              8             17             13              9              6             11             16             18             28             27             29             12             25             31              5              3             21             22              4             30             19             10             33             26              1
           19              1             23              7             20             34             24             15             14              2             32              8             17             13              9              6             11             16             18             28             27             29             12             25             31              5              3             21             22              4             30             19             10             33             26              1
           20              1             23              7             20             34             24             15             14              2             32              8             17             13              9              6             11             16             18             28             27             29             12             25             31              5              3             21             22              4             30             19             10             33             26              1
           21              1             23              7             20             34             24             15             14              2             32              8             17             13              9              6             11             16             18             28             27             29             12             25             31              5              3             21             22              4             30             19             10             33             26              1
           22              1             23              7             20             34             24             15             14              2             12             29             27             28             18             16             11              6              9             13             17              8             32             25             31              5              3             21             22              4             30             19             10             33             26              1
           23              1             23              7             20             34             24             15             14              2             12             29             27             28             18             16             11              6              9             13             17              8             32             25             31              5              3             21             22              4             30             19             10             33             26              1
           24              1             23              7             20              6              9             11             16             18             28             27             29             24             34             17             13             12             10             15             14              2              8             32             25             31              5              3             21             22              4             30             19             33             26              1
           25              1             23              7             20              6              9             11             16             18             28             27             29             24             34             17             13             12             10             15             14              2              8             32             25             31              5              3             21             22              4             30             19             33             26              1
           26              1             23              9              7             20             34             11             16             18             28             27             29             24             15             14              2             32              8             17             13             31              5             25              6             12              3             22             19             10              4             21             33             30             26              1
           27              1             23              9              7             20             34             11             16             18             28             27             29             24             15             14              2             32              8             17             13              6             12             25             31              5              3             10             19             30              4             22             21             33             26              1
           28              1             23              9              7             20             34             11             16             18             28             27             29             24             15             14              2             32              8             17             13             25              6             12             31              5              3             21             22              4             19             30             10             33             26              1
           29              1             23              7             20              9             34             11             16             18             28             27             29             24             15             14              2             32              8             17             13             25              6             12             31              5              3             21             22              4             19             30             10             33             26              1
           30              1             23              7             20              9             34             11             16             18             28             27             29             24             15             14              2             32              8             17             13             33             10             19             30              4             22             21              3              5             31             25             12              6             26              1
           31              1             23              7             20             34              9              6             11             16             18             28             27             29             24             15             14              2             12             13             17              8             32             25             31              5              3             21             22              4             30             19             10             33             26              1
           32              1             23              9              7             20              6             34             11             16             18             28             27             29             24             15             14              2             12             25             31             32              8             17             13              5              3             21             22              4             30             19             10             33             26              1
           33              1             23              9              7             20              6             34             11             16             18             28             27             29             24             15             14              2             12             25             31             32              8             17             13              5              3             21             22              4             30             19             10             33             26              1
           34              1             23              7             20              6              9             11             34             16             18             28             27             29             24             15             14              2             12             25             31              5              3             32              8             17             13             21             22              4             30             19             10             33             26              1
           35              1             23              7             20              6              9             11             34             16             18             28             27             29             24             15             14              2             12             25             32              8             17             13             31              5              3             21             22              4             30             19             10             33             26              1
           36              1             23              7             20              6              9             11             34             16             18             28             27             29             24             15             14             21              2             12             25             31             32              8              5             13             17              3             22              4             30             19             10             33             26              1
           37              1             23              7             20              6              9             11             34             16             29             27             28             18             24             15             14             21              2             12             25             31              5              3             32              8             17             13             22             10             19             30              4             33             26              1
           38              1              6             23              7             20              9             11             34             16             29             27             28             18             24             15             14             13             17              8             32             25             31              5              3              2             12             21             22              4             30             19             10             33             26              1
           39              1              6             23              7             20              9             11             34             16             29             27             28             18             24             15             14             13             17              8             32             25             31              5              3              2             12             21             22              4             30             19             10             33             26              1
           40              1              6             23              7             20              9             11             34             16             24             18             28             27             29             15             14              2             12             25             31             32              8             17              5             13              3             21             22              4             30             19             10             33             26              1
           41              1              6             23              7             20              9             11             34             16             29             27             28             18             24             15             14              2             12             25             31              5             32              8             17             13              3             21             22              4             30             19             10             33             26              1
           42              1              6             23              7             20              9             11             34             16             24             18             28             27             29             15             14              2             12             13             17              8             25             31             32              5              3             22              4             30             19             10             21             33             26              1
           43              1              6             23              7             20              9             11             34             16             29             27             28             18             24             15             14             21              2             12             25             31              5             32              8             17             13              3             22              4             30             19             10             33             26              1
           44              1              6             23              7             20              9             11             34             16             24             18             28             27             29             15             14             21              2             13             17              8             32             25             31              5              3             33             10             19             30              4             22             12             26              1
           45              1              6             23              7             20              9             11             34             16             24             18             28             27             29             15             14             21              2             13             17              8             32             25             31              5              3             33             10             19             30              4             22             12             26              1
           46              1              6             23              7             20              9             11             34             16             24             18             28             27             29             15             14             21              2             12             25             31              5             32              8             17             13              3             22              4             30             19             10             33             26              1
           47              1              6             23              7             20              9             11             34             16             24             18             28             27             29             15             14             21              2             12             25             31              5             32              8             17             13              3             22              4             30             19             10             33             26              1
           48              1              6             23              7             20              9             11             34             16             24             18             28             27             29             15             14             21              2             12             25             31             32              5              8             17             13              3             22              4             30             19             10             33             26              1
           49              1              6             23              7             20              9             11             34             16             24             18             28             27             29             15             14             21              2             33             10             19             30              4             22             13              3             17              8             32              5             31             25             12             26              1
           50              1              6             23              7             20              9             11             34             16             24             18             28             27             29             15             14             21              2             33             10             19             30              4             22             13              3             17              8             32              5             31             25             12             26              1
           51              1              6             23              7             20              9             11             34             16             24             18             28             27             29             15             14             21              2             33             10             19             30              4             22             13              3             17              8              5             32             31             25             12             26              1
           52              1              6             23              7             20              9             11             34             16             24             18             28             27             29             15             14             21              2             33             10             19             30              4             22             13              3             17              8              5             32             31             25             12             26              1
           53              1              6             23              7             20              9             11             34             16             24             18             28             27             29             15             14             33             10             19             30              4             22             21              2             12             25             31              5             32              8             17             13              3             26              1
           54              1              6             23              7             20              9             11             34             16             24             18             28             27             29             15             14             33             10             19             30              4             22             21              2             12             25             31              5             32              8             17             13              3             26              1
           55              1              6             23              7             20              9             11             34             16             24             18             28             27             29             15             14             21             33             10             19             30              4             22              2             12             25             31             32              5              8             17             13              3             26              1
           56              1              6             23              7             20              9             11             34             16             24             18             28             27             29             15             14             21              2             12             33             10             19             30              4             22             13              3             17              8              5             32             31             25             26              1
           57              1              6             23              7             20              9             11             34             16             24             18             28             27             29             15             14             21              2             12             33             10             19             30              4             22             13              3             17              8              5             32             31             25             26              1
           58              1              6             23              7             20              9             11             34             16             24             18             28             27             29             15             14             21              2             12             33             10             19             30              4             22             13              3             17              8              5             32             31             25             26              1
           59              1              6             23              7             20              9             11             34             16             24             18             28             27             29             15             14             21             22              4             30             19             10             33              2             13              3             12             26             31             32              5             17              8             25              1
           60              1              6             23              7             20              9             11             34             16             24             18             28             27             29             15             14             21             22              4             30             19             10             33              2             13              3             12             26             31             32              5             17              8             25              1
           61              1              6             23              7             20              9             11             34             16             24             18             28             27             29             15             14             21             22              4             30             19             10             33              2             13              3             12             26             31             32              5             17              8             25              1
           62              1              6             23              7             20              9             11             34             16             24             18             28             27             29             15             14             21             33             10             19             30              4             22              2             13              3             12             26             31             32              5             17              8             25              1
           63              1              6             23              7             20              9             11             34             16             24             18             28             27             29             15             14             21             33             10             19             30              4             22              2             13              3             12             26             31             32              5             17              8             25              1
           64              1              6             23              7             20              9             11             34             16             24             18             28             27             29             15             14             21             33             10             19             30              4             22              2             13              3             12             26             31             32              5             17              8             25              1
           65              1              6             23              7             20              9             11             34             16             24             18             28             27             29             15             14             21              2             12             33             10             19             30              4             22             13              3              8             17              5             32             31             25             26              1
           66              1              6             23              7             20              9             11             34             16             24             18             28             27             29             15             14             21              2             12             33             10             19             30              4             22             13              3              8             17              5             32             31             25             26              1
           67              1              6             23              7             20              9             11             34             16             24             18             28             27             29             15             14             21              2             12             33             10             19             30              4             22             13              3              8             17              5             32             31             25             26              1
           68              1              6             23              7             20              9             11             34             16             24             18             28             27             29             15             14             21              2             12             33             10             19             30              4             22             13              3              8             17              5             32             31             25             26              1
           69              1              6             23              7             20              9             11             34             16             24             18             28             27             29             15             14             21             33             10             19             30              4             22              2             13              3             12             26             31              8             17              5             32             25              1
           70              1              6             23              7             20              9             11             34             16             24             18             28             27             29             15             14             33             21             10             19             30              4             22              2             12             13              3              8             17              5             32             31             25             26              1
           71              1              6             23              7             20              9             11             34             16             24             18             28             27             29             15             14             33             21             10             19             30              4             22              2             12             13              3              8             17              5             32             31             25             26              1
           72              1              6             23              7             20              9             11             34             16             24             18             28             27             29             15             14             33             21             10             19             30              4             22              2             12             13              3              8             17              5             32             31             25             26              1
           73              1              6             23              7             20              9             11             34             16             24             18             28             27             29             15             14             33             21             10             19             30              4             22              2             12             13              3              8             17              5             32             31             25             26              1
           74              1              6             23              7             20              9             11             34             16             24             18             28             27             29             15             14             33             21             10             19             30              4             22              2             13              3             12             26             31              8             17              5             32             25              1
           75              1              6             23              7             20              9             11             34             16             24             18             28             27             29             15             14             33             21             10             19             30              4             22              2             13              3             12             26             31              8             17              5             32             25              1
           76              1              6             23              7             20              9             11             34             16             24             18             28             27             29             15             14             33             21             10             19             30              4             22              2             13              3             12             26             31              8             17              5             32             25              1
           77              1              6             23              7             20              9             11             34             16             24             18             28             27             29             15             14             33             21             10             19             30              4             22              2             13              3             12             26             31              8             17              5             32             25              1
           78              1              6             23              7             20              9             11             34             16             24             18             28             27             29             15             14             33             21             10             19             30              4             22              2             13              3             12             26             31              8             17              5             32             25              1
           79              1              6             23              7             20              9             11             34             16             24             18             28             27             29             15             14             33             21             10             19             30              4             22              2             13              3             12             26             31              8             17              5             32             25              1
           80              1              6             23              7             20              9             11             34             16             24             18             28             27             29             15             14             33             21             10             19             30              4             22              2             13              3             12             26             31              8             17              5             32             25              1
           81              1              6             23              7             20              9             11             34             27             28             18             24             16             29             15             14             33             21             10             19             30              4             22              2             13              3             12             26             31              8             17              5             32             25              1
           82              1              6             23              7             20              9             11             34             27             28             18             24             16             29             15             14             33             21             10             19             30              4             22              2             13              3             12             26             31              8             17              5             32             25              1
           83              1              6             23              7             20              9             11             34             27             28             18             24             16             29             15             14             33             21             10             19             30              4             22              2             13              3             12             26             31              8             17              5             32             25              1
           84              1              6             23              7             20              9             11             34             16             27             28             18             24             29             15             14             33             21             10             19             30              4             22              2             13              3             12             26             31              8             17              5             32             25              1
           85              1              6             23              7             20              9             11             34             16             27             28             18             24             29             15             14             33             21             10             19             30              4             22              2             13              3             12             26             31              8             17              5             32             25              1
           86              1              6             23              7             20              9             11             34             16             27             28             18             24             29             15             14             33             21             10             19             30              4             22              2             13              3             12             26             31              8             17              5             32             25              1
           87              1              6             23              7             20              9             11             34             16             27             28             18             24             29             15             14             33             21             10             19             30              4             22              2             13              3             12             26             31              8             17              5             32             25              1
           88              1              6             23              7             20              9             11             34             16             27             28             18             24             29             15             14             33             21             10             19             30              4             22              2             13              3             12             26             31              8             17              5             32             25              1
           89              1              6             23              7             20              9             11             34             27             28             18             24             29             15             16             14             33             21             10             19             30              4             22              2             13              3             12             26             31              8             32             17              5             25              1
           90              1              6             23              7             20              9             11             34             27             28             18             24             29             15             16             14             33             21             10             19             30              4             22              2             13              3             12             26             31              8             32             17              5             25              1
           91              1              6             23              7             20              9             11             34             27             28             18             24             29             15             16             14             33             21             10             19             30              4             22              2             13              3             12             26             31              8             17              5             32             25              1
           92              1              6             23              7             20              9             11             34             27             28             18             24             29             15             16             14             33             21             10             19             30              4             22              2             13              3             12             26             31              8             17              5             32             25              1
           93              1              6             23              7             20              9             11             34             27             28             18             24             29             15             16             14             33             21             10             19             30              4             22              2             13              3             12             26             31              8             17              5             32             25              1
           94              1              6             23              7             20              9             11             34             27             28             18             24             29             15             16             14             33             21             10             19             30              4             22              2             13              3             12             26             31              8             17              5             32             25              1
           95              1              6             23              7             20              9             11             34             27             28             18             24             29             15             16             14             33             21             10             19             30              4             22              2             13              3             12             26             31              8             17              5             32             25              1
           96              1              6             23              7             20              9             11             34             27             28             18             24             29             15             16             14             33             21             10             19             30              4             22              2             13              3             12             26             31              8             17              5             32             25              1
           97              1              6             23              7             20              9             11             34             27             28             18             24             29             15             16             14             33             21             10             19             30              4             22              2             13              3             12             26             31              8             17              5             32             25              1
           98              1              6             23              7             20              9             11             34             27             28             18             24             29             15             16             14             33             21             10             19             30              4             22              2             13              3             12             26             31              8             17              5             32             25              1
           99              1              6             23              7             20              9             11             34             27             28             18             24             29             15             16             14             33             21             10             19             30              4             22              2             13              3             12             26             31              8             17              5             32             25              1
          100              1              6             23              7             20              9             11             34             27             28             18             24             29             15             16             14             33             21             10             19             30              4             22              2             13              3             12             26             31              8             17              5             32             25              1
          101              1              6             23              7             20              9             11             34             27             28             18             24             29             15             16             14             33             21             10             19             30              4             22              2             13              3             12             26             31              8             17              5             32             25              1
          102              1              6             23              7             20              9             11             34             27             18             28             24             29             15             16             14             33             21             10             19             30              4             22              2             13              3             12             26             31              8             17              5             32             25              1
          103              1              6             23              7             20              9             11             34             27             18             28             24             29             15             16             14             33             21             10             19             30              4             22              2             13              3             12             26             31              8             17              5             32             25              1
          104              1              6             23              7             20              9             11             34             27             18             28             24             29             15             16             14             33             21             10             19             30              4             22              2             13              3             12             26             31              8             17              5             32             25              1
          105              1              6             23              7             20              9             11             34             27             18             28             24             29             15             16             14             33             21             10             19             30              4             22              2             13              3             12             26             31              8             17              5             32             25              1
          106              1              6             23              7             20              9             11             34             27             18             28             24             29             15             16             14             33             21             10             19             30              4             22              2             13              3             12             26             31              8             17              5             32             25              1
          107              1              6             23              7             20              9             11             34             27             18             28             24             29             15             16             14             33             21             10             19             30              4             22              2             13              3             12             26             31              8             17              5             32             25              1
          108              1              6             23              7             20              9             11             34             27             18             28             24             29             15             16             14             33             21             10             19             30              4             22              2             13              3             12             26             31              8             17              5             32             25              1
          109              1              6             23              7             20              9             34             11             27             18             28             24             29             15             16             14             33             21             10             19             30              4             22              2             13              3             12             26             31              8             17              5             32             25              1
          110              1              6             23              7             20              9             34             11             27             18             28             24             29             15             16             14             33             21             10             19             30              4             22              2             13              3             12             26             31              8             17              5             32             25              1
          111              1              6             23              7             20              9             34             11             27             18             28             24             29             15             16             14             33             21             10             19             30              4             22              2             13              3             12             26             31              8             17              5             32             25              1
          112              1              6             23              7             20              9             34             11             27             18             28             24             29             15             16             14             33             21             10             19             30              4             22              2             13              3             12             26             31              8             17              5             32             25              1
          113              1              6             23              7             20              9             34             11             27             18             28             24             29             15             16             14             33             21             10             19             30              4             22              2             13              3             12             26             31              8             17              5             32             25              1
          114              1              6             23              7             20              9             34             11             27             18             28             24             29             15             16             14             33             21             10             19             30              4             22              2             13              3             12             26             31              8             17              5             32             25              1
          115              1              6             23              7             20              9             34             11             27             18             28             24             29             15             16             14             33             21             10             19             30              4             22              2             13              3             12             26             31              8             17              5             32             25              1
          116              1              6             23              7             20              9             34             11             27             18             28             24             29             15             16             14             33             21             10             19             30              4             22              2             13              3             12             26             31              8             17              5             32             25              1
          117              1              6             23              7             20              9             34             11             27             18             28             24             29             15             16             14             33             21             10             19             30              4             22              2             13              3             12             26             31              8             17              5             32             25              1
          118              1              6             23              7             20              9             34             11             27             18             28             24             29             15             16             14             33             21             10             19             30              4             22              2             13              3             12             26             31              8             17              5             32             25              1
          119              1              6             23              7             20              9             34             11             27             18             28             24             29             15             16             14             33             21             10             19             30              4             22              2             13              3             12             26             31              8             17              5             32             25              1
          120              1              6             23              7             20              9             34             11             27             18             28             24             29             15             16             14             33             21             10             19             30              4             22              2             13              3             12             26             31              8             17              5             32             25              1
          121              1              6             23              7             20              9             34             11             27             18             28             24             29             15             16             14             33             21             10             19             30              4             22              2             13              3             12             26             31              8             17              5             32             25              1
          122              1              6             23              7             20              9             34             11             27             18             28             24             29             15             16             14             33             21             10             19             30              4             22              2             13              3             12             26             31              8             17              5             32             25              1
          123              1              6             23              7             20              9             34             11             27             18             28             24             29             15             16             14             33             21             10             19             30              4             22              2             13              3             12             26             31              8             17              5             32             25              1
          124              1              6             23              7             20              9             34             11             27             18             28             24             29             15             16             14             33             21             10             19             30              4             22              2             13              3             12             26             31              8             17              5             32             25              1
          125              1              6             23              7             20              9             34             11             27             18             28             24             29             15             16             14             33             21             10             19             30              4             22              2             13              3             12             26             31              8             17              5             32             25              1
          126              1              6             23              7             20              9             34             11             27             18             28             24             29             15             16             14             33             21             10             19             30              4             22              2             13              3             12             26             31              8             17              5             32             25              1
          127              1              6             23              7             20              9             34             11             27             18             28             24             29             15             16             14             33             21             10             19             30              4             22              2             13              3             12             26             31              8             17              5             32             25              1
          128              1              6             23              7             20              9             34             11             27             18             28             24             29             15             16             14             33             21             10             19             30              4             22              2             13              3             12             26             31              8             17              5             32             25              1
          129              1              6             23              7             20              9             34             11             27             18             28             24             29             15             16             14             33             21             10             19             30              4             22              2             13              3             12             26             31              8             17              5             32             25              1
          130              1              6             23              7             20              9             34             11             27             18             28             24             29             15             16             14             33             21             10             19             30              4             22              2             13              3             12             26             31              8             17              5             32             25              1
          131              1              6             23              7             20              9             34             11             27             18             28             24             29             15             16             14             33             21             10             19             30              4             22              2             13              3             12             26             31              8             17              5             32             25              1
          132              1              6             23              7             20              9             34             11             27             18             28             24             29             15             16             14             33             21             10             19             30              4             22              2             13              3             12             26             31              8             17              5             32             25              1
          133              1              6             23              7             20              9             34             11             27             18             28             24             29             15             16             14             33             21             10             19             30              4             22              2             13              3             12             26             31              8             17              5             32             25              1
          134              1              6             23              7             20              9             34             11             27             18             28             24             29             15             16             14             33             21             10             19             30              4             22              2             13              3             12             26             31              8             17              5             32             25              1
          135              1              6             23              7             20              9             34             11             27             18             28             24             29             15             16             14             33             21             10             19             30              4             22              2             13              3             12             26             31              8             17              5             32             25              1
          136              1              6             23              7             20              9             34             11             27             18             28             24             29             15             16             14             33             21             10             19             30              4             22              2             13              3             12             26             31              8             17              5             32             25              1
          137              1              6             23              7             20              9             34             11             27             18             28             24             29             15             16             14             33             21             10             19             30              4             22              2             13              3             12             26             31              8             17              5             32             25              1
          138              1              6             23              7             20              9             34             11             27             18             28             24             29             15             16             14             33             21             10             19             30              4             22              2             13              3             12             26             31              8             17              5             32             25              1
          139              1              6             23              7             20              9             34             11             27             18             28             24             29             15             16             14             33             21             10             19             30              4             22              2             13              3             12             26             31              8             17              5             32             25              1
          140              1              6             23              7             20              9             34             11             27             18             28             24             29             15             16             14             33             21             10             19             30              4             22              2             13              3             12             26             31              8             17              5             32             25              1
          141              1              6             23              7             20              9             34             11             27             18             28             24             29             15             16             14             33             21             10             19             30              4             22              2             13              3             12             26             31              8             17              5             32             25              1
          142              1              6             23              7             20              9             34             11             27             18             28             24             29             15             16             14             33             21             10             19             30              4             22              2             13              3             12             26             31              8             17              5             32             25              1
          143              1              6             23              7             20              9             34             11             27             18             28             24             29             15             16             14             33             21             10             19             30              4             22              2             13              3             12             26             31              8             17              5             32             25              1
          144              1              6             23              7             20              9             34             11             27             18             28             24             29             15             16             14             33             21             10             19             30              4             22              2             13              3             12             26             31              8             17              5             32             25              1
          145              1              6             23              7             20              9             34             11             27             18             28             24             29             15             16             14             33             21             10             19             30              4             22              2             13              3             12             26             31              8             17              5             32             25              1
          146              1              6             23              7             20              9             34             11             27             18             28             24             29             15             16             14             33             21             10             19             30              4             22              2             13              3             12             26             31              8             17              5             32             25              1
          147              1              6             23              7             20              9             34             11             27             18             28             24             29             15             16             14             33             21             10             19             30              4             22              2             13              3             12             26             31              8             17              5             32             25              1
          148              1              6             23              7             20              9             34             11             27             18             28             24             29             15             16             14             33             21             10             19             30              4             22              2             13              3             12             26             31              8             17              5             32             25              1
          149              1              6             23              7             20              9             34             11             27             18             28             24             29             15             16             14             33             21             10             19             30              4             22              2             13              3             12             26             31              8             17              5             32             25              1
          150              1              6             23              7             20              9             34             11             27             18             28             24             29             15             16             14             33             21             10             19             30              4             22              2             13              3             12             26             31              8             17              5             32             25              1
