#     BLOCK:         BIN_CENTER:           ACTUAL_V:              V_AVE:              ERROR:
           1            0.143808          0.00262375          0.00262375                   0
           1            0.431423            0.038326            0.038326                   0
           1            0.719038            0.116716            0.116716                   0
           1             1.00665             0.16433             0.16433                   0
           1             1.29427            0.385497            0.385497                   0
           1             1.58188            0.328483            0.328483                   0
           1              1.8695            0.464918            0.464918                   0
           1             2.15712            0.444041            0.444041                   0
           1             2.44473             0.42553             0.42553                   0
           1             2.73235            0.319775            0.319775                   0
           1             3.01996            0.242463            0.242463                   0
           1             3.30758            0.175517            0.175517                   0
           1             3.59519           0.0811912           0.0811912                   0
           1             3.88281           0.0982536           0.0982536                   0
           1             4.17042           0.0473079           0.0473079                   0
           1             4.45804           0.0327727           0.0327727                   0
           1             4.74565           0.0702295           0.0702295                   0
           1             5.03327          0.00635816          0.00635816                   0
           1             5.32088          0.00159356          0.00159356                   0
           1              5.6085           0.0106881           0.0106881                   0
           1             5.89612           0.0168692           0.0168692                   0
           1             6.18373          0.00338029          0.00338029                   0
           1             6.47135                   0                   0                   0
           1             6.75896                   0                   0                   0
           1             7.04658                   0                   0                   0
           1             7.33419                   0                   0                   0
           1             7.62181                   0                   0                   0
           1             7.90942                   0                   0                   0
           1             8.19704                   0                   0                   0
           1             8.48465                   0                   0                   0


           2            0.143808           0.0183179           0.0104708          0.00554873
           2            0.431423           0.0407405           0.0395332         0.000853651
           2            0.719038            0.192515            0.154616            0.026799
           2             1.00665            0.225208            0.194769           0.0215234
           2             1.29427            0.363558            0.374528          0.00775684
           2             1.58188            0.307429            0.317956          0.00744384
           2              1.8695            0.398165            0.431542           0.0236006
           2             2.15712            0.343598            0.393819           0.0355119
           2             2.44473            0.424145            0.424838         0.000489427
           2             2.73235             0.26025            0.290012           0.0210453
           2             3.01996            0.319517             0.28099           0.0272429
           2             3.30758            0.196379            0.185948          0.00737555
           2             3.59519            0.127388             0.10429           0.0163332
           2             3.88281            0.134439            0.116346           0.0127934
           2             4.17042           0.0417707           0.0445393          0.00195771
           2             4.45804          0.00453924            0.018656          0.00998203
           2             4.74565           0.0370544           0.0536419           0.0117292
           2             5.03327          0.00254326          0.00445071          0.00134877
           2             5.32088           0.0070825          0.00433803          0.00194063
           2              5.6085           0.0099316           0.0103099         0.000267477
           2             5.89612          0.00783904           0.0123541          0.00319265
           2             6.18373          0.00292958          0.00315493         0.000159348
           2             6.47135          0.00251107          0.00125553         0.000887797
           2             6.75896           0.0090141          0.00450705          0.00318696
           2             7.04658                   0                   0                   0
           2             7.33419                   0                   0                   0
           2             7.62181                   0                   0                   0
           2             7.90942                   0                   0                   0
           2             8.19704                   0                   0                   0
           2             8.48465                   0                   0                   0


           3            0.143808           0.0149698           0.0119705          0.00389655
           3            0.431423           0.0424145           0.0404937         0.000968931
           3            0.719038           0.0973039            0.135512           0.0237171
           3             1.00665            0.213055            0.200864           0.0151875
           3             1.29427            0.362077            0.370377           0.0061826
           3             1.58188            0.508347             0.38142           0.0520548
           3              1.8695            0.478471            0.447185           0.0202655
           3             2.15712            0.285006            0.357548           0.0379149
           3             2.44473            0.286536            0.378737           0.0376424
           3             2.73235            0.284684            0.288236            0.014105
           3             3.01996            0.271453            0.277811           0.0183465
           3             3.30758            0.224129            0.198675           0.0114962
           3             3.59519            0.175002            0.127861           0.0221123
           3             3.88281           0.0838794            0.105524            0.012281
           3             4.17042            0.048161           0.0457465          0.00163555
           3             4.45804           0.0239356           0.0204159          0.00680806
           3             4.74565            0.008998           0.0387606           0.0144492
           3             5.03327            0.028491           0.0124641          0.00660443
           3             5.32088           0.0339638           0.0142133          0.00816625
           3              5.6085           0.0018833          0.00750101          0.00230034
           3             5.89612          0.00152918          0.00874582          0.00363459
           3             6.18373          0.00257546          0.00296177         0.000190155
           3             6.47135                   0         0.000837023         0.000683427
           3             6.75896                   0           0.0030047          0.00245333
           3             7.04658                   0                   0                   0
           3             7.33419                   0                   0                   0
           3             7.62181                   0                   0                   0
           3             7.90942                   0                   0                   0
           3             8.19704                   0                   0                   0
           3             8.48465                   0                   0                   0


           4            0.143808                   0          0.00897788          0.00390606
           4            0.431423           0.0119276           0.0333522          0.00622729
           4            0.719038             0.13761            0.136036           0.0177936
           4             1.00665            0.248725            0.212829           0.0153987
           4             1.29427            0.374713            0.371461            0.004731
           4             1.58188            0.498898            0.410789           0.0465955
           4              1.8695            0.396894            0.434612           0.0186968
           4             2.15712             0.36433            0.359244           0.0284741
           4             2.44473             0.34355             0.36994           0.0292416
           4             2.73235            0.254841            0.279888           0.0128135
           4             3.01996            0.223566             0.26425           0.0180905
           4             3.30758            0.161336             0.18934           0.0118192
           4             3.59519            0.134391            0.129493           0.0166444
           4             3.88281            0.106221            0.105698          0.00921201
           4             4.17042           0.0822697           0.0548773          0.00800208
           4             4.45804           0.0459719           0.0268049          0.00752903
           4             4.74565           0.0291831           0.0363662           0.0110335
           4             5.03327            0.025497           0.0157224          0.00570065
           4             5.32088           0.0369417           0.0198954          0.00785662
           4              5.6085                   0          0.00562576          0.00236938
           4             5.89612                   0          0.00655936          0.00331906
           4             6.18373                   0          0.00222133         0.000656911
           4             6.47135                   0         0.000627767         0.000543662
           4             6.75896                   0          0.00225352          0.00195161
           4             7.04658                   0                   0                   0
           4             7.33419                   0                   0                   0
           4             7.62181                   0                   0                   0
           4             7.90942                   0                   0                   0
           4             8.19704                   0                   0                   0
           4             8.48465                   0                   0                   0


           5            0.143808           0.0042495           0.0080322           0.0032373
           5            0.431423            0.060491           0.0387799          0.00695609
           5            0.719038             0.14062            0.136953           0.0142585
           5             1.00665             0.25035            0.220333           0.0140288
           5             1.29427            0.385948            0.374359            0.004587
           5             1.58188            0.443687            0.417369           0.0377381
           5              1.8695            0.345819            0.416854           0.0218178
           5             2.15712            0.324926             0.35238            0.023592
           5             2.44473            0.373055            0.370563              0.0234
           5             2.73235             0.27369            0.278648           0.0103106
           5             3.01996            0.212829            0.253966           0.0171482
           5             3.30758            0.193529            0.190178          0.00948501
           5             3.59519            0.175646            0.138724           0.0156673
           5             3.88281           0.0877265            0.102104          0.00804032
           5             4.17042           0.0517989           0.0542616          0.00642531
           5             4.45804           0.0774246           0.0369288           0.0108754
           5             4.74565           0.0587687           0.0408467          0.00969392
           5             5.03327           0.0159034           0.0157586          0.00456063
           5             5.32088         0.000402415           0.0159968          0.00718778
           5              5.6085                   0          0.00450061          0.00214609
           5             5.89612                   0          0.00524749          0.00290296
           5             6.18373                   0          0.00177706         0.000658846
           5             6.47135                   0         0.000502214         0.000449194
           5             6.75896                   0          0.00180282          0.00161249
           5             7.04658                   0                   0                   0
           5             7.33419                   0                   0                   0
           5             7.62181                   0                   0                   0
           5             7.90942                   0                   0                   0
           5             8.19704                   0                   0                   0
           5             8.48465                   0                   0                   0


           6            0.143808           0.0140362          0.00903287          0.00284821
           6            0.431423           0.0722576           0.0443595          0.00771658
           6            0.719038             0.19757            0.147056           0.0150412
           6             1.00665            0.159067            0.210122            0.014952
           6             1.29427            0.262246            0.355673           0.0174805
           6             1.58188             0.36763            0.409079           0.0323461
           6              1.8695            0.439212             0.42058            0.018497
           6             2.15712            0.391518            0.358903            0.020542
           6             2.44473             0.34994            0.367126           0.0197508
           6             2.73235            0.335888            0.288188           0.0122338
           6             3.01996            0.321948            0.265296           0.0176406
           6             3.30758            0.194672            0.190927           0.0079337
           6             3.59519            0.177401             0.14517            0.014321
           6             3.88281           0.0541651           0.0941141           0.0099041
           6             4.17042           0.0289417           0.0500416          0.00659622
           6             4.45804           0.0625031           0.0411912          0.00986282
           6             4.74565           0.0201851           0.0374031          0.00866836
           6             5.03327           0.0255936           0.0173977          0.00408449
           6             5.32088         0.000498995           0.0134138          0.00643721
           6              5.6085         0.000498995          0.00383367           0.0018892
           6             5.89612          0.00109457          0.00455534          0.00250029
           6             6.18373                   0          0.00148089            0.000612
           6             6.47135                   0         0.000418512         0.000382047
           6             6.75896                   0          0.00150235          0.00137145
           6             7.04658                   0                   0                   0
           6             7.33419                   0                   0                   0
           6             7.62181                   0                   0                   0
           6             7.90942                   0                   0                   0
           6             8.19704                   0                   0                   0
           6             8.48465                   0                   0                   0


           7            0.143808           0.0109135          0.00930153          0.00245396
           7            0.431423           0.0474367           0.0447991          0.00662672
           7            0.719038            0.162865            0.149314           0.0130609
           7             1.00665            0.165972            0.203815           0.0140836
           7             1.29427            0.285377            0.345631           0.0176335
           7             1.58188            0.434383            0.412694           0.0279264
           7              1.8695             0.37122            0.413529           0.0171461
           7             2.15712            0.348749            0.357453           0.0176585
           7             2.44473            0.337401            0.362879           0.0173797
           7             2.73235            0.363654            0.298969            0.014477
           7             3.01996            0.454439            0.292317           0.0292307
           7             3.30758            0.203558            0.192731          0.00700249
           7             3.59519            0.137803            0.144117           0.0123137
           7             3.88281           0.0409337           0.0865169           0.0110245
           7             4.17042           0.0221972           0.0460639          0.00674751
           7             4.45804           0.0174165           0.0377948           0.0090197
           7             4.74565           0.0366359           0.0372935          0.00743071
           7             5.03327           0.0300363           0.0192032          0.00387958
           7             5.32088          0.00587526           0.0123369          0.00560697
           7              5.6085                   0          0.00328601          0.00169684
           7             5.89612                   0          0.00390457          0.00222618
           7             6.18373                   0          0.00126933         0.000559944
           7             6.47135                   0         0.000358724         0.000332114
           7             6.75896                   0          0.00128773           0.0011922
           7             7.04658                   0                   0                   0
           7             7.33419                   0                   0                   0
           7             7.62181                   0                   0                   0
           7             7.90942                   0                   0                   0
           7             8.19704                   0                   0                   0
           7             8.48465                   0                   0                   0


           8            0.143808           0.0132314          0.00979277          0.00219584
           8            0.431423           0.0605715           0.0467707           0.0060846
           8            0.719038            0.153755            0.149869           0.0114401
           8             1.00665            0.138221            0.195616           0.0145149
           8             1.29427            0.252379            0.333974           0.0188932
           8             1.58188            0.478697            0.420944           0.0256254
           8              1.8695             0.36528            0.407497           0.0160284
           8             2.15712            0.335357            0.354691           0.0156657
           8             2.44473            0.392805             0.36662           0.0156047
           8             2.73235            0.360161            0.306618           0.0145484
           8             3.01996            0.351582            0.299725            0.026499
           8             3.30758            0.231759             0.19761          0.00763979
           8             3.59519             0.15134             0.14502           0.0108075
           8             3.88281           0.0609095            0.083316           0.0101004
           8             4.17042            0.048821           0.0464085          0.00591287
           8             4.45804           0.0423823           0.0383683          0.00791044
           8             4.74565          0.00505433           0.0332636          0.00751561
           8             5.03327           0.0220684           0.0195614          0.00341112
           8             5.32088            0.012491           0.0123562          0.00490613
           8              5.6085                   0          0.00287525          0.00153364
           8             5.89612                   0           0.0034165           0.0020007
           8             6.18373                   0          0.00111067         0.000511938
           8             6.47135                   0         0.000313884         0.000293611
           8             6.75896                   0          0.00112676          0.00105399
           8             7.04658                   0                   0                   0
           8             7.33419                   0                   0                   0
           8             7.62181                   0                   0                   0
           8             7.90942                   0                   0                   0
           8             8.19704                   0                   0                   0
           8             8.48465                   0                   0                   0


           9            0.143808          0.00312274          0.00905165          0.00207315
           9            0.431423           0.0607164           0.0483202          0.00560236
           9            0.719038            0.124588             0.14706           0.0105082
           9             1.00665            0.130576            0.188389           0.0145907
           9             1.29427            0.287711            0.328834           0.0174793
           9             1.58188            0.443155            0.423412           0.0228967
           9              1.8695            0.388942            0.405436           0.0143795
           9             2.15712             0.43097            0.363166            0.016055
           9             2.44473            0.320081            0.361449           0.0147026
           9             2.73235            0.368242            0.313465           0.0144537
           9             3.01996            0.328355            0.302906           0.0237448
           9             3.30758            0.275912             0.20631           0.0106489
           9             3.59519           0.0998955            0.140006           0.0107067
           9             3.88281           0.0737707           0.0822554          0.00903367
           9             4.17042           0.0871309           0.0509332          0.00676923
           9             4.45804           0.0192032           0.0362388          0.00731251
           9             4.74565           0.0160322            0.031349          0.00692012
           9             5.03327          0.00671228           0.0181337          0.00331745
           9             5.32088           0.0111871           0.0122263          0.00436273
           9              5.6085         0.000563381          0.00261838          0.00138458
           9             5.89612                   0          0.00303689          0.00181405
           9             6.18373                   0         0.000987258         0.000469694
           9             6.47135                   0         0.000279008         0.000263051
           9             6.75896                   0          0.00100157         0.000944286
           9             7.04658                   0                   0                   0
           9             7.33419                   0                   0                   0
           9             7.62181                   0                   0                   0
           9             7.90942                   0                   0                   0
           9             8.19704                   0                   0                   0
           9             8.48465                   0                   0                   0


          10            0.143808          0.00263984          0.00841047          0.00196249
          10            0.431423           0.0456178             0.04805          0.00504864
          10            0.719038            0.121207            0.144475          0.00977024
          10             1.00665            0.194576            0.189008           0.0131447
          10             1.29427            0.376773            0.333628           0.0163756
          10             1.58188            0.308346            0.411906           0.0233197
          10              1.8695            0.348121            0.399704           0.0140374
          10             2.15712            0.391421            0.365992            0.014696
          10             2.44473            0.409337            0.366238           0.0139905
          10             2.73235            0.440065            0.326125           0.0177049
          10             3.01996            0.272532            0.299868           0.0215637
          10             3.30758            0.218061            0.207485          0.00964866
          10             3.59519            0.126294            0.138635          0.00972349
          10             3.88281           0.0949538           0.0835253          0.00821907
          10             4.17042           0.0659961           0.0524395          0.00625765
          10             4.45804           0.0103662           0.0336515          0.00702406
          10             4.74565            0.016499            0.029864          0.00638546
          10             5.03327           0.0306318           0.0193835          0.00321251
          10             5.32088          0.00342858           0.0113465          0.00401418
          10              5.6085                   0          0.00235654          0.00127064
          10             5.89612                   0           0.0027332          0.00165787
          10             6.18373                   0         0.000888532         0.000432976
          10             6.47135                   0         0.000251107         0.000238221
          10             6.75896                   0          0.00090141         0.000855152
          10             7.04658                   0                   0                   0
          10             7.33419                   0                   0                   0
          10             7.62181                   0                   0                   0
          10             7.90942                   0                   0                   0
          10             8.19704                   0                   0                   0
          10             8.48465                   0                   0                   0


          11            0.143808          0.00808049          0.00838047          0.00178431
          11            0.431423           0.0174326           0.0452666          0.00530171
          11            0.719038            0.131509            0.143296          0.00895286
          11             1.00665             0.14305             0.18483           0.0125962
          11             1.29427            0.349731            0.335092           0.0149522
          11             1.58188            0.436314            0.414125            0.021305
          11              1.8695            0.389956            0.398818           0.0127892
          11             2.15712            0.335131            0.363186           0.0136251
          11             2.44473             0.35559             0.36527           0.0127521
          11             2.73235              0.4485             0.33725           0.0192762
          11             3.01996            0.222906            0.292872           0.0207074
          11             3.30758            0.268153               0.213            0.010227
          11             3.59519            0.155831            0.140198          0.00896432
          11             3.88281           0.0863904           0.0837857          0.00747601
          11             4.17042           0.0659961           0.0536719          0.00580887
          11             4.45804           0.0206519           0.0324698          0.00648417
          11             4.74565           0.0104145           0.0280959           0.0060448
          11             5.03327           0.0305674           0.0204002          0.00307715
          11             5.32088         0.000659961            0.010375          0.00376498
          11              5.6085                   0          0.00214231          0.00117305
          11             5.89612                   0          0.00248473          0.00152566
          11             6.18373                   0         0.000807757         0.000401079
          11             6.47135                   0         0.000228279         0.000217656
          11             6.75896                   0         0.000819463         0.000781328
          11             7.04658                   0                   0                   0
          11             7.33419                   0                   0                   0
          11             7.62181                   0                   0                   0
          11             7.90942                   0                   0                   0
          11             8.19704                   0                   0                   0
          11             8.48465                   0                   0                   0


          12            0.143808          0.00289739          0.00792355          0.00169311
          12            0.431423           0.0623582           0.0466909          0.00504759
          12            0.719038            0.163606            0.144989          0.00836523
          12             1.00665            0.170785             0.18366           0.0116008
          12             1.29427            0.256805            0.328568           0.0150623
          12             1.58188            0.438938            0.416192           0.0196297
          12              1.8695            0.382568            0.397464           0.0117949
          12             2.15712            0.406326            0.366781           0.0129553
          12             2.44473            0.321916            0.361657           0.0121905
          12             2.73235            0.447743            0.346458            0.019747
          12             3.01996            0.269103            0.290891           0.0190763
          12             3.30758            0.148604            0.207634           0.0106904
          12             3.59519            0.178415            0.143383          0.00876476
          12             3.88281           0.0921369           0.0844817          0.00688532
          12             4.17042           0.0751067           0.0554581          0.00559269
          12             4.45804           0.0220362           0.0316003          0.00600183
          12             4.74565           0.0105916           0.0266372          0.00571436
          12             5.03327           0.0259477           0.0208625          0.00285524
          12             5.32088         0.000981893          0.00959223          0.00353166
          12              5.6085                   0          0.00196379           0.0010888
          12             5.89612                   0          0.00227767          0.00141251
          12             6.18373                   0         0.000740444         0.000373261
          12             6.47135                   0         0.000209256         0.000200347
          12             6.75896                   0         0.000751175         0.000719195
          12             7.04658                   0                   0                   0
          12             7.33419                   0                   0                   0
          12             7.62181                   0                   0                   0
          12             7.90942                   0                   0                   0
          12             8.19704                   0                   0                   0
          12             8.48465                   0                   0                   0


          13            0.143808          0.00682496          0.00783904          0.00156498
          13            0.431423            0.048821           0.0468547          0.00466198
          13            0.719038            0.158326            0.146015          0.00778441
          13             1.00665            0.161127            0.181926           0.0108371
          13             1.29427            0.299719            0.326349           0.0140662
          13             1.58188            0.435783            0.417699           0.0181775
          13              1.8695            0.397119            0.397437           0.0108876
          13             2.15712            0.401433            0.369447           0.0122299
          13             2.44473            0.336693            0.359737            0.011403
          13             2.73235            0.277763            0.341174           0.0189218
          13             3.01996            0.378978            0.297667           0.0187737
          13             3.30758            0.155654            0.203636           0.0105895
          13             3.59519            0.192596            0.147169          0.00887047
          13             3.88281            0.064322           0.0829309          0.00652798
          13             4.17042           0.0906239           0.0581632          0.00577977
          13             4.45804            0.030487           0.0315147          0.00554076
          13             4.74565           0.0129739           0.0255862          0.00537058
          13             5.03327            0.018994           0.0207188          0.00263922
          13             5.32088          0.00735615          0.00942022          0.00326418
          13              5.6085          0.00127163          0.00191054          0.00100634
          13             5.89612                   0          0.00210246          0.00131467
          13             6.18373                   0         0.000683486         0.000348868
          13             6.47135                   0         0.000193159         0.000185581
          13             6.75896                   0         0.000693392         0.000666189
          13             7.04658                   0                   0                   0
          13             7.33419                   0                   0                   0
          13             7.62181                   0                   0                   0
          13             7.90942                   0                   0                   0
          13             8.19704                   0                   0                   0
          13             8.48465                   0                   0                   0


          14            0.143808           0.0142938           0.0083001          0.00151959
          14            0.431423            0.064161           0.0480909          0.00448988
          14            0.719038           0.0806922            0.141349          0.00851264
          14             1.00665            0.256145            0.187228           0.0112855
          14             1.29427             0.30899            0.325109            0.013116
          14             1.58188             0.41666            0.417625           0.0168793
          14              1.8695            0.361127            0.394844           0.0104143
          14             2.15712              0.2287            0.359393            0.014927
          14             2.44473            0.424741             0.36438            0.011495
          14             2.73235            0.314608            0.339276           0.0176651
          14             3.01996            0.333296            0.300212           0.0176044
          14             3.30758             0.32132            0.212042           0.0127398
          14             3.59519            0.139863            0.146647           0.0082522
          14             3.88281            0.117714           0.0854155          0.00651737
          14             4.17042           0.0844428           0.0600403          0.00566355
          14             4.45804           0.0085151           0.0298718          0.00538303
          14             4.74565          0.00148089           0.0238644          0.00525573
          14             5.03327          8.0483e-05           0.0192446          0.00283265
          14             5.32088         3.21932e-05          0.00874965          0.00309914
          14              5.6085                   0          0.00177408          0.00094367
          14             5.89612                   0          0.00195229          0.00122931
          14             6.18373                   0         0.000634666         0.000327347
          14             6.47135                   0         0.000179362         0.000172838
          14             6.75896                   0         0.000643864         0.000620443
          14             7.04658                   0                   0                   0
          14             7.33419                   0                   0                   0
          14             7.62181                   0                   0                   0
          14             7.90942                   0                   0                   0
          14             8.19704                   0                   0                   0
          14             8.48465                   0                   0                   0


          15            0.143808         0.000193159          0.00775963          0.00151134
          15            0.431423             0.02899           0.0468175           0.0043674
          15            0.719038           0.0617948            0.136045          0.00945399
          15             1.00665             0.22458            0.189718           0.0108043
          15             1.29427            0.324524             0.32507           0.0122417
          15             1.58188            0.431695            0.418563             0.01578
          15              1.8695            0.329256            0.390471           0.0105982
          15             2.15712            0.329417            0.357395            0.014065
          15             2.44473            0.381087            0.365494           0.0107825
          15             2.73235             0.42487            0.344982           0.0173846
          15             3.01996            0.271614            0.298305           0.0165337
          15             3.30758            0.321143            0.219315           0.0138116
          15             3.59519            0.178061            0.148741          0.00796336
          15             3.88281           0.0922657           0.0858721          0.00609886
          15             4.17042           0.0474045           0.0591979          0.00534826
          15             4.45804           0.0233884           0.0294396          0.00504149
          15             4.74565          0.00542455            0.022635          0.00504707
          15             5.03327          0.00115896           0.0180389          0.00288904
          15             5.32088                   0          0.00816634          0.00294691
          15              5.6085                   0           0.0016558         0.000888139
          15             5.89612                   0          0.00182213          0.00115423
          15             6.18373                   0         0.000592355         0.000308246
          15             6.47135                   0         0.000167405         0.000161728
          15             6.75896                   0          0.00060094         0.000580563
          15             7.04658                   0                   0                   0
          15             7.33419                   0                   0                   0
          15             7.62181                   0                   0                   0
          15             7.90942                   0                   0                   0
          15             8.19704                   0                   0                   0
          15             8.48465                   0                   0                   0


          16            0.143808                   0          0.00727466          0.00149267
          16            0.431423           0.0326922           0.0459347          0.00418271
          16            0.719038            0.140813            0.136343          0.00886781
          16             1.00665            0.209449            0.190951           0.0101992
          16             1.29427            0.224258            0.318769           0.0129973
          16             1.58188            0.364057            0.415156            0.015157
          16              1.8695            0.395622            0.390793          0.00994074
          16             2.15712             0.39588              0.3598             0.01339
          16             2.44473            0.345964            0.364273           0.0101774
          16             2.73235             0.43155            0.350393           0.0171193
          16             3.01996            0.291204            0.297862           0.0155063
          16             3.30758            0.252523            0.221391           0.0131034
          16             3.59519            0.246423            0.154846          0.00952254
          16             3.88281            0.113481           0.0875977          0.00595679
          16             4.17042           0.0295051           0.0573421          0.00532624
          16             4.45804          0.00344467           0.0278149          0.00498131
          16             4.74565                   0           0.0212203          0.00492591
          16             5.03327                   0           0.0169115          0.00292018
          16             5.32088                   0          0.00765594          0.00280658
          16              5.6085                   0          0.00155232         0.000838638
          16             5.89612                   0          0.00170825          0.00108769
          16             6.18373                   0         0.000555333         0.000291195
          16             6.47135                   0         0.000156942         0.000151958
          16             6.75896                   0         0.000563381         0.000545491
          16             7.04658                   0                   0                   0
          16             7.33419                   0                   0                   0
          16             7.62181                   0                   0                   0
          16             7.90942                   0                   0                   0
          16             8.19704                   0                   0                   0
          16             8.48465                   0                   0                   0


          17            0.143808           0.0018833          0.00695752          0.00143816
          17            0.431423            0.027493           0.0448499          0.00407492
          17            0.719038            0.108089            0.134681           0.0085005
          17             1.00665            0.247936            0.194303           0.0101351
          17             1.29427             0.29394            0.317308           0.0123145
          17             1.58188            0.369015            0.412442           0.0145064
          17              1.8695            0.435349            0.393414          0.00969534
          17             2.15712            0.387992            0.361459           0.0127047
          17             2.44473            0.384499            0.365463          0.00964806
          17             2.73235             0.37526            0.351856           0.0161747
          17             3.01996            0.319759             0.29915           0.0146476
          17             3.30758            0.151936            0.217305           0.0129539
          17             3.59519            0.164604             0.15542          0.00897967
          17             3.88281           0.0647083           0.0862513          0.00575655
          17             4.17042           0.0406117            0.056358          0.00510305
          17             4.45804           0.0512355           0.0291926          0.00487508
          17             4.74565           0.0376338           0.0221858          0.00472983
          17             5.03327           0.0141167           0.0167471          0.00275303
          17             5.32088          0.00080483          0.00725294          0.00267027
          17              5.6085                   0            0.001461         0.000794262
          17             5.89612                   0          0.00160777          0.00102834
          17             6.18373                   0         0.000522666         0.000275892
          17             6.47135                   0          0.00014771           0.0001433
          17             6.75896                   0         0.000530241         0.000514409
          17             7.04658                   0                   0                   0
          17             7.33419                   0                   0                   0
          17             7.62181                   0                   0                   0
          17             7.90942                   0                   0                   0
          17             8.19704                   0                   0                   0
          17             8.48465                   0                   0                   0


          18            0.143808           0.0023823          0.00670334          0.00138054
          18            0.431423           0.0286037           0.0439473          0.00394722
          18            0.719038           0.0920243            0.132311          0.00835206
          18             1.00665            0.253409            0.197587             0.01009
          18             1.29427            0.381071            0.320851           0.0121292
          18             1.58188            0.321594            0.407395            0.014552
          18              1.8695            0.346624            0.390815           0.0094988
          18             2.15712            0.434656            0.365525           0.0126329
          18             2.44473            0.362125            0.365277          0.00911384
          18             2.73235            0.315526            0.349837           0.0154015
          18             3.01996            0.404926            0.305026           0.0149663
          18             3.30758            0.211332            0.216973           0.0122385
          18             3.59519            0.110519            0.152926          0.00882047
          18             3.88281           0.0756379           0.0856616          0.00546685
          18             4.17042           0.0527325           0.0561566          0.00482352
          18             4.45804           0.0254487           0.0289846          0.00460868
          18             4.74565           0.0421087           0.0232927          0.00459474
          18             5.03327           0.0145191           0.0166233          0.00260287
          18             5.32088          0.00162576          0.00694032          0.00254015
          18              5.6085                   0          0.00137984         0.000754272
          18             5.89612                   0          0.00151845         0.000975085
          18             6.18373                   0         0.000493629         0.000262089
          18             6.47135                   0         0.000139504         0.000135573
          18             6.75896                   0         0.000500783         0.000486674
          18             7.04658                   0                   0                   0
          18             7.33419                   0                   0                   0
          18             7.62181                   0                   0                   0
          18             7.90942                   0                   0                   0
          18             8.19704                   0                   0                   0
          18             8.48465                   0                   0                   0


          19            0.143808          0.00642254          0.00668856          0.00130796
          19            0.431423           0.0582214           0.0446986           0.0038103
          19            0.719038            0.159871            0.133762          0.00803745
          19             1.00665             0.20821            0.198146          0.00957441
          19             1.29427            0.314511            0.320517           0.0114954
          19             1.58188            0.412878            0.407684            0.013789
          19              1.8695            0.287727            0.385389            0.010434
          19             2.15712            0.463646            0.370689           0.0129808
          19             2.44473            0.421425            0.368233          0.00910066
          19             2.73235            0.390874            0.351997           0.0147416
          19             3.01996            0.236282            0.301408           0.0146094
          19             3.30758            0.130447            0.212419           0.0124128
          19             3.59519            0.115815            0.150973          0.00856977
          19             3.88281            0.102278           0.0865362          0.00524861
          19             4.17042            0.080145           0.0574191            0.004732
          19             4.45804           0.0181731           0.0284156           0.0044011
          19             4.74565           0.0252556            0.023396          0.00435407
          19             5.03327          0.00296177           0.0159043          0.00256326
          19             5.32088           0.0256097          0.00792292          0.00258955
          19              5.6085          0.00167405          0.00139532         0.000714733
          19             5.89612            0.010833          0.00200869          0.00103972
          19             6.18373          0.00360564         0.000657419         0.000295068
          19             6.47135                   0         0.000132162         0.000128637
          19             6.75896                   0         0.000474426         0.000461772
          19             7.04658                   0                   0                   0
          19             7.33419                   0                   0                   0
          19             7.62181                   0                   0                   0
          19             7.90942                   0                   0                   0
          19             8.19704                   0                   0                   0
          19             8.48465                   0                   0                   0


          20            0.143808          0.00722737           0.0067155          0.00124284
          20            0.431423           0.0518793           0.0450576          0.00363666
          20            0.719038           0.0944548            0.131797           0.0078722
          20             1.00665              0.2433            0.200403           0.0093581
          20             1.29427            0.328628            0.320923           0.0109278
          20             1.58188            0.348218             0.40471           0.0134163
          20              1.8695             0.36454            0.384347          0.00996423
          20             2.15712            0.428588            0.373584           0.0126504
          20             2.44473            0.423759            0.371009          0.00905922
          20             2.73235             0.36132            0.352463           0.0140119
          20             3.01996            0.327179            0.302697           0.0139356
          20             3.30758            0.180008            0.210799           0.0118974
          20             3.59519            0.118986            0.149373          0.00828917
          20             3.88281           0.0715011           0.0857844          0.00503973
          20             4.17042            0.058656            0.057481           0.0044958
          20             4.45804            0.023662           0.0281779          0.00418746
          20             4.74565           0.0126519           0.0228588          0.00416937
          20             5.03327           0.0150503           0.0158616          0.00243546
          20             5.32088          0.00878874          0.00796621          0.00246043
          20              5.6085          0.00486117          0.00156861         0.000699689
          20             5.89612          0.00360564          0.00208853           0.0009908
          20             6.18373                   0         0.000624548          0.00028214
          20             6.47135                   0         0.000125553         0.000122374
          20             6.75896                   0         0.000450705         0.000439293
          20             7.04658                   0                   0                   0
          20             7.33419                   0                   0                   0
          20             7.62181                   0                   0                   0
          20             7.90942                   0                   0                   0
          20             8.19704                   0                   0                   0
          20             8.48465                   0                   0                   0


