#       TEMPERATURE:                 MU:              SIGMA:             AVE_LE:              ERROR:         ACCEPTANCE:      LAST_X_WALKER:
                 1.5             4.11397              2.1445             488.853             9.76607            0.746667             3.81377
               1.425             3.78305             2.02803             341.789             6.83096            0.946667            -3.77415
             1.35375             3.87152             1.66684             314.776             6.25804                0.92            -4.20712
             1.28606             3.68245             1.26132             215.671              4.2782            0.933333            -3.53871
             1.22176             3.67385             1.22293             212.064             4.20753                0.84            -5.50398
             1.16067             2.83257            0.889992             62.2796             1.23534            0.906667             3.99852
             1.10264             2.49764            0.446431              28.058             0.55612            0.906667             2.65209
             1.04751             2.23797            0.575443             18.3002             0.36343            0.946667             -1.7215
            0.995131             1.47124            0.137219              12.095            0.247405            0.946667             1.51519
            0.945374             1.53714            0.933467             5.18795               0.104                0.96             1.50424
            0.898105             1.14302            0.761793            0.457412           0.0101654                0.92              1.4624
              0.8532             1.04807            0.613817           -0.187293            0.003939            0.893333             -1.3022
             0.81054            0.495209            0.732134           -0.240501          0.00485815                0.96           -0.339082
            0.770013          -0.0943855            0.907098           -0.227407          0.00465904                0.84           -0.183844
            0.731512           0.0743105             1.15543            -0.13979          0.00403894                0.96            0.593798
            0.694937            0.181755             1.27701           -0.159427          0.00439925            0.866667            0.823683
             0.66019           -0.203753            0.537623             0.13887          0.00587771            0.853333           -0.334099
            0.627181            0.304534            0.993547           -0.247973          0.00520911            0.986667           -0.410084
            0.595821            0.172556            0.910573           -0.217476          0.00457266            0.906667             1.14015
             0.56603            0.943816             0.73937           -0.199278          0.00453898            0.946667             0.22884
            0.537729            0.837235            0.771884           -0.301942           0.0062024                 0.8            0.386761
            0.510842            0.580725            0.810635           -0.292834          0.00592664            0.826667           -0.874902
              0.4853            0.807922            0.902585          -0.0890755          0.00357939            0.746667            -1.20276
            0.461035            0.652248            0.943026           -0.193774          0.00427583            0.853333            -1.06843
            0.437984             0.13666             1.02131           -0.222445          0.00471357            0.746667          -0.0360592
            0.416084            0.124638            0.983817           -0.263363          0.00536054                0.84            0.167312
             0.39528            0.155229            0.600288           -0.251693          0.00522088            0.706667            0.134005
            0.375516            0.331186            0.917027           -0.251743          0.00513193            0.973333            0.919751
             0.35674             0.51917            0.502653           -0.111982          0.00253171            0.906667           -0.882253
            0.338903             0.62899            0.394967           -0.108647           0.0025121            0.813333           0.0779807
            0.321958            0.938208            0.473957           -0.131279          0.00305945            0.866667             1.04721
             0.30586            0.853198            0.613548           -0.426663          0.00846916                 0.6            -1.57697
            0.290567            0.412557             1.05535           -0.427738          0.00849794            0.453333            0.812015
            0.276039            -0.13074            0.504348           -0.201089          0.00463591            0.626667           -0.249832
            0.262237          -0.0279847             1.10582           -0.213397          0.00495803            0.986667           -0.269321
            0.249125          -0.0773241             0.91242            -0.22049          0.00463791            0.866667           -0.559175
            0.236669            0.578726            0.916392           -0.241112          0.00510758            0.826667            -1.27986
            0.224835            0.950148              0.5445           -0.306434           0.0061199            0.893333            0.975788
            0.213594            0.338395            0.610035           -0.312991          0.00624684                0.68           -0.269977
            0.202914            0.100467            0.698208           0.0615189          0.00177277            0.973333            0.884885
            0.192768            0.341231            0.898149           -0.271897          0.00550025            0.933333           -0.899791
             0.18313            0.521829            0.928138           -0.245239          0.00520947                 0.6           -0.114917
            0.173973            0.471113             1.30742           -0.267505          0.00557149            0.173333             1.77456
            0.165275            0.303624             1.36253            0.588806           0.0160934                0.92           -0.679433
            0.157011             0.41514             1.20239            0.153597          0.00613525            0.733333          -0.0263239
             0.14916            0.837623            0.764403           -0.300779          0.00613874            0.973333            -1.07795
            0.141702            0.876672            0.680016           -0.389673          0.00777755                0.76           -0.543565
            0.134617            0.458458            0.662338           -0.388006          0.00779775            0.653333           -0.441847
            0.127886          -0.0915264            0.922097           -0.221646          0.00453136            0.866667           -0.440586
            0.121492           -0.197825            0.793776            -0.12488          0.00276229            0.626667            -1.13486
            0.115417           0.0407612            0.851084           -0.149455          0.00317115                0.92           -0.168146
            0.109647           -0.025433             1.09868           -0.229245          0.00494128            0.693333            -0.27397
            0.104164           -0.311696            0.911814           -0.238078          0.00490864            0.586667           -0.491603
            0.098956            0.603965             1.02638           -0.240432          0.00501457            0.666667            -1.20114
           0.0940082             0.19968            0.904113           -0.233364          0.00476703            0.746667             1.14287
           0.0893078             0.40665             1.01771           -0.198238          0.00472902            0.586667          -0.0495434
           0.0848424             0.43155            0.846045           -0.250523          0.00507724                0.76            0.289882
           0.0806003            0.405805             0.94767           -0.252391          0.00518577                 0.6            -1.53212
           0.0765703            0.559587             1.03863           -0.267835          0.00554584                 0.6            0.495094
           0.0727418            0.784318            0.604233           -0.436082          0.00864538                0.88            0.224867
           0.0691047            0.945906            0.536311           -0.441837          0.00876152            0.546667           -0.474829
           0.0656495            0.623328            0.723459           -0.342848          0.00685204            0.826667             1.43657
            0.062367            0.593575            0.522537           -0.342273          0.00684796            0.306667           -0.439508
           0.0592486               0.817            0.693219           -0.408031          0.00814109            0.733333             1.61131
           0.0562862            0.564989            0.675503           -0.395156          0.00789442            0.613333              0.9107
           0.0534719            0.332466             0.93219           -0.296906          0.00595421            0.413333            0.330532
           0.0507983            0.381484            0.963127           -0.261538          0.00533443            0.453333           -0.493307
           0.0482584             0.70062            0.949243           -0.263341          0.00545323                0.84           -0.718016
           0.0458455            0.540017             1.06222          -0.0945275          0.00396125            0.826667           -0.110336
           0.0435532           -0.501435            0.922081           -0.267495          0.00545271                   1          -0.0698779
           0.0413755            -0.43456            0.889909           -0.275106          0.00557036                0.32           -0.257325
           0.0393068           -0.781889             0.68585           -0.411783          0.00818802            0.813333             1.88663
           0.0373414           -0.772123            0.722118           -0.387615          0.00772696            0.493333            0.779978
           0.0354743            -0.70323            0.556853           -0.380094          0.00756187            0.546667           -0.810025
           0.0337006           -0.883055            0.736034           -0.385554          0.00766901            0.586667             1.17948
           0.0320156           -0.805117            0.702295           -0.398804          0.00795376                0.68            0.187773
           0.0304148           -0.597532             0.79584           -0.408085           0.0081374                0.64            0.844411
           0.0288941           -0.715295            0.686401           -0.406993           0.0080811            0.706667             1.05634
           0.0274494           -0.826113            0.622597           -0.440286           0.0087301                0.56           -0.574148
           0.0260769           -0.897411            0.712806           -0.442412           0.0087796                0.36           0.0506805
           0.0247731           -0.635661            0.810219           -0.317315           0.0063986            0.653333           -0.802893
           0.0235344           -0.744006            0.579577           -0.421266          0.00836237                0.76            -1.36295
           0.0223577           -0.810439            0.575251            -0.42938           0.0085207            0.493333           -0.599989
           0.0212398           -0.720631            0.531201           -0.422251          0.00837656            0.333333             1.01239
           0.0201778           -0.871334            0.733856           -0.328741           0.0066819                0.72            0.897756
           0.0191689            -0.57011             0.58339           -0.335638          0.00700135            0.666667           -0.287899
           0.0182105           -0.597609            0.599219           -0.317419          0.00634056            0.706667            0.677638
              0.0173            -0.74873            0.762889           -0.352973           0.0071502            0.706667            -1.05357
            0.016435           -0.894497            0.541823           -0.345955          0.00690595            0.746667             1.18537
           0.0156132           -0.702908            0.756841            -0.36218          0.00725816            0.626667             1.13132
           0.0148325           -0.923919            0.542983           -0.365334           0.0072989                0.52             -1.1976
           0.0140909           -0.813778            0.664007           -0.422432          0.00840882            0.786667            0.736191
           0.0133864           -0.867815            0.737202           -0.418252          0.00833924            0.413333            0.470336
           0.0127171           -0.808433            0.459768           -0.318214          0.00661906            0.693333           -0.622632
           0.0120812           -0.691447            0.631846           -0.402672          0.00798684            0.826667             0.66798
           0.0114771            -0.74721            0.491374           -0.404644          0.00803141            0.506667           -0.399395
           0.0109033             -0.5741            0.533647           -0.273201          0.00560039            0.693333           -0.988757
           0.0103581           -0.568385            0.845896           -0.286023          0.00580782            0.746667             1.90056
          0.00984021            -0.80531            0.590593           -0.441139          0.00874544            0.653333           -0.193087
           0.0093482           -0.868493            0.631066            -0.43962          0.00871746                0.12            -1.42341
          0.00888079           -0.710832            0.663143           -0.421228          0.00837506                0.36            -1.11114
          0.00843675           -0.899366             0.71414           -0.409501            0.008123                0.44          -0.0769075
          0.00801492            -0.67327            0.859927           -0.329095          0.00673137                0.68           -0.575681
          0.00761417           -0.425489              0.9021           -0.258239          0.00554072            0.733333            -0.41167
          0.00723346           -0.714864             0.81747           -0.301023           0.0061858            0.506667             1.39073
          0.00687179           -0.710741            0.739618           -0.366483          0.00733583            0.746667            0.632042
           0.0065282           -0.734909            0.695328           -0.396377          0.00792322                0.64           -0.851589
          0.00620179            -0.86094            0.582989           -0.430651          0.00854904            0.506667           -0.779967
           0.0058917           -0.869891            0.533442           -0.420039           0.0083511            0.373333           -0.546175
          0.00559712           -0.681821            0.535189           -0.340434           0.0068045                0.68           -0.309866
          0.00531726           -0.654766            0.543528           -0.340755          0.00679302                0.72             -1.3566
           0.0050514           -0.980358            0.494797           -0.325362           0.0064901            0.746667            -1.07357
          0.00479883           -0.593728            0.491616            -0.19317          0.00401499            0.813333           -0.378003
          0.00455889           0.0188156             1.04552           -0.245127          0.00511605            0.813333           -0.275791
          0.00433094          -0.0308728            0.906915           -0.222952          0.00477643                0.72            0.180905
          0.00411439          -0.0102164             1.14638           -0.219672          0.00454963            0.786667           -0.643789
          0.00390867           -0.331805             1.14907           -0.173015          0.00419316            0.786667            0.364946
          0.00371324           -0.536229              1.0238           -0.153663          0.00410106                 0.8           -0.116123
          0.00352758           -0.406009            0.836227           -0.235921          0.00482491            0.853333            0.105955
           0.0033512           -0.794272            0.587892           -0.441828           0.0087627            0.813333             0.53357
          0.00318364            -0.73614            0.546337           -0.435413          0.00863437            0.226667           -0.680891
          0.00302446           -0.855288            0.652442           -0.433067          0.00860137            0.493333           -0.563026
          0.00287323           -0.830017            0.747516           -0.422626          0.00840682                0.32            0.377439
          0.00272957           -0.888208            0.658581           -0.404655           0.0080624            0.786667            0.936008
          0.00259309           -0.825595            0.698123            -0.39459          0.00785824                0.44            -1.87549
          0.00246344           -0.654422            0.645566           -0.395123          0.00787155                0.48             -1.1019
          0.00234027           -0.907916             0.52016           -0.364285          0.00724011            0.626667             1.87453
          0.00222325           -0.865234            0.676888           -0.394887          0.00787431                0.72            0.726421
          0.00211209           -0.767148            0.520942           -0.408423          0.00814176            0.426667           -0.455608
          0.00200649           -0.909769            0.530401           -0.359019          0.00718279            0.573333              1.0037
          0.00190616           -0.621236            0.572405           -0.322478           0.0064225            0.733333           -0.545764
          0.00181085            -0.86526             0.64273           -0.431106          0.00856957            0.666667             0.13298
          0.00172031           -0.806536             0.76318           -0.411902          0.00820943                0.32           -0.535717
           0.0016343           -0.637727            0.635241           -0.360026          0.00715177                0.76           -0.875118
          0.00155258           -0.729643            0.786014           -0.353835          0.00703679                 0.8            0.751924
          0.00147495           -0.795308            0.555552           -0.419729          0.00833141            0.533333            0.443425
           0.0014012           -0.822358            0.666812           -0.427542          0.00850846                0.44             1.20653
          0.00133114           -0.781987            0.545877           -0.412403          0.00826586                0.44            0.640678
          0.00126459           -0.792226            0.582431           -0.429934          0.00853176                0.56            0.119574
          0.00120136           -0.918495            0.542636           -0.432632          0.00858712            0.186667            -1.22362
          0.00114129           -0.883749            0.573444           -0.405469          0.00805952                0.68             -1.2145
          0.00108423           -0.787695            0.584267           -0.435215          0.00863136            0.426667           -0.354302
          0.00103001           -0.776098            0.565298           -0.433504          0.00859509            0.133333             -1.0063
         0.000978513           -0.799708            0.717845           -0.419408          0.00832177            0.346667           -0.509371
         0.000929588           -0.689948            0.698649           -0.389902          0.00779763            0.573333           -0.603239
         0.000883108           -0.770886            0.573711           -0.428773          0.00851276            0.666667            0.612635
         0.000838953           -0.822069            0.717074           -0.427428          0.00848596            0.293333            0.377681
         0.000797005           -0.683194            0.546848           -0.366822           0.0073885            0.533333             -1.2912
         0.000757155           -0.749003            0.622187           -0.436279          0.00864706            0.693333            -1.21904
         0.000719297           -0.801437            0.659685           -0.437058          0.00867502            0.213333           -0.163687
         0.000683332           -0.829859            0.616174           -0.445064          0.00882631            0.306667            0.332584
         0.000649166           -0.829335            0.601723           -0.448254          0.00888593           0.0133333            0.237796
         0.000616708           -0.793927            0.623513           -0.445751          0.00883925                0.12           -0.498486
         0.000585872           -0.748474            0.562479           -0.447635          0.00887719                   0             1.11297
         0.000556579           -0.879716             0.64233           -0.415339           0.0082485                0.36            -1.78272
          0.00052875           -0.839094            0.726036           -0.410576          0.00816621            0.333333           -0.881918
         0.000502312           -0.804807            0.744643           -0.365811          0.00735176            0.573333            -1.14484
         0.000477197           -0.856318            0.537835           -0.367169           0.0073279                0.72           -0.481564
         0.000453337           -0.703818            0.744512           -0.381685          0.00762057                0.64           -0.706564
          0.00043067            -0.92438            0.623439           -0.388192          0.00772031            0.573333           -0.539385
         0.000409136           -0.641591            0.635578           -0.373814          0.00744836            0.493333            -1.77865
          0.00038868           -0.738211             0.69455           -0.409376          0.00814102                0.64           -0.166739
         0.000369246            -0.70638             0.64577           -0.409374          0.00813188                0.44            -0.40496
         0.000350783           -0.723272            0.684494           -0.411167          0.00816419            0.533333            -1.06872
         0.000333244           -0.729953            0.628913           -0.426399           0.0084578            0.546667            0.517784
         0.000316582           -0.843982            0.606072           -0.433185          0.00859204            0.253333            0.317915
         0.000300753           -0.771925            0.614905           -0.441118          0.00874574            0.133333            0.184586
         0.000285715            -0.87225            0.544297           -0.438819          0.00869725           0.0533333            -0.94845
         0.000271429           -0.859144            0.700401           -0.375968          0.00754137            0.573333           -0.775957
         0.000257858            -0.93111            0.607007           -0.373603          0.00748785            0.613333              1.0098
         0.000244965           -0.709435            0.790589           -0.375885           0.0074949            0.546667             0.44134
         0.000232717           -0.610541            0.700692           -0.332216          0.00661939            0.586667            -1.27424
         0.000221081           -0.738266            0.473786           -0.334469          0.00666515                0.64           -0.807816
         0.000210027           -0.757158            0.705474           -0.399178          0.00795317            0.813333            0.619382
         0.000199526           -0.803794            0.684849           -0.408193          0.00819092                0.44            0.570564
         0.000189549           -0.817489            0.768277           -0.413363          0.00822726            0.386667            0.683557
         0.000180072           -0.706031            0.690637           -0.393962          0.00782545            0.706667            -1.03514
         0.000171068            -0.92361            0.624826           -0.402518          0.00800226                0.44           -0.522386
         0.000162515           -0.802267            0.661582           -0.432937          0.00861415            0.546667            0.902842
         0.000154389           -0.765959            0.559273            -0.43662          0.00866136           0.0933333            0.407934
          0.00014667           -0.830271             0.66055           -0.432343           0.0085835                0.44           -0.293754
         0.000139336           -0.783978            0.573231           -0.434014           0.0086116                0.32           -0.473893
         0.000132369           -0.815798            0.588987           -0.440466          0.00873693            0.173333            0.319487
         0.000125751           -0.844054            0.667771            -0.44066          0.00874178                0.08            0.775628
         0.000119463            -0.91231            0.614062           -0.411763          0.00821465            0.426667              1.3163
          0.00011349           -0.729057            0.679099           -0.414684          0.00823709                0.64            0.180875
         0.000107816            -0.71165            0.598246           -0.418595          0.00830237            0.253333           0.0171432
         0.000102425           -0.722303            0.572655           -0.414639          0.00822818            0.413333             1.26667
         9.73036e-05           -0.744839            0.639417           -0.429103          0.00851262                0.44           -0.508572
         9.24385e-05           -0.846728            0.686875           -0.431765           0.0085659            0.186667           -0.851328
         8.78165e-05           -0.786835            0.657161           -0.423074          0.00839771                0.48            0.286193
         8.34257e-05           -0.806506            0.638212           -0.444221          0.00880551            0.146667            0.694881
         7.92544e-05           -0.728179            0.569389           -0.440857           0.0087458           0.0533333           -0.392286
         7.52917e-05           -0.813868            0.628744           -0.445749          0.00883796            0.413333            0.422829
         7.15271e-05           -0.889059            0.602609            -0.44864          0.00889918                   0             1.98419
         6.79508e-05           -0.832658            0.620083           -0.433625          0.00860321            0.333333            -1.17163
         6.45532e-05           -0.801808            0.541457            -0.43884          0.00870204           0.0533333            -1.40485
         6.13256e-05           -0.864516            0.507204           -0.391819          0.00781042            0.493333            0.631151
         5.82593e-05           -0.800517            0.727243           -0.367058          0.00738294            0.893333           -0.570159
         5.53463e-05           -0.743225            0.715526           -0.387638          0.00773982                0.56           -0.791265
          5.2579e-05           -0.791446            0.593707           -0.445448          0.00883057            0.573333            0.162725
           4.995e-05           -0.863427            0.552559           -0.445849          0.00884343                0.04              1.0108
         4.74525e-05           -0.913404            0.600864            -0.39727          0.00789131                0.56             1.13706
         4.50799e-05           -0.747722             0.67613           -0.419999          0.00833538            0.573333           -0.908895
         4.28259e-05           -0.665086            0.684864           -0.421328          0.00836974            0.386667            0.709867
         4.06846e-05           -0.768161             0.73615           -0.369646          0.00735152            0.546667             1.20783
         3.86504e-05           -0.833963            0.693237           -0.409823          0.00816465                0.48           -0.300051
         3.67179e-05           -0.821771            0.640068           -0.443119          0.00880158            0.426667            0.665954
          3.4882e-05           -0.773537            0.563099            -0.44235          0.00878048           0.0933333          -0.0614035
         3.31379e-05           -0.682907            0.718774           -0.416086          0.00826067                0.32            0.215541
          3.1481e-05            -0.83137             0.55351           -0.403826          0.00803059            0.653333             0.33231
         2.99069e-05           -0.792756            0.692589           -0.407164          0.00811914            0.453333            0.511121
         2.84116e-05            -0.77582            0.645391            -0.43286          0.00858641            0.386667           -0.306123
          2.6991e-05           -0.823665            0.673335           -0.439229          0.00871368            0.146667             1.07235
         2.56415e-05           -0.674997            0.477844           -0.420283          0.00836377                0.32            0.384239
         2.43594e-05            -0.76118            0.789827           -0.330153          0.00676823                0.84           -0.502797
         2.31414e-05           -0.608576            0.784695           -0.321015          0.00649731            0.706667           -0.186216
         2.19843e-05           -0.780045            0.809686           -0.310441          0.00625346            0.733333           -0.105488
         2.08851e-05           -0.721147            0.541113             -0.3796          0.00757652            0.746667           -0.532823
         1.98409e-05           -0.635019            0.735587           -0.376544          0.00750135            0.533333           0.0668302
         1.88488e-05           -0.802488            0.456857             -0.3533          0.00705042                0.68           -0.624694
         1.79064e-05           -0.363257             1.11161           -0.119878           0.0042738            0.786667           0.0689342
         1.70111e-05           -0.934191            0.940796          -0.0916485          0.00352978                0.88            0.211404
         1.61605e-05           -0.262596            0.902841           -0.242612          0.00500991            0.933333           -0.567102
         1.53525e-05           -0.133086              0.9932           -0.227426          0.00469818            0.653333          -0.0141584
         1.45849e-05           -0.120196            0.934641           -0.275365          0.00566625                   0            0.593237
         1.38556e-05           -0.195208            0.970506           -0.249833          0.00509821            0.293333           -0.288207
         1.31628e-05           -0.282464              1.1385           -0.236686          0.00498097            0.586667            0.690038
         1.25047e-05            -0.45227            0.919244           -0.264239          0.00543961            0.773333            0.313784
         1.18795e-05            -0.87508            0.649352           -0.415439          0.00826316            0.706667           -0.994904
         1.12855e-05           -0.743529            0.562977           -0.413046          0.00820974            0.373333          -0.0528977
         1.07212e-05           -0.825643            0.614358           -0.436943          0.00866663            0.413333             1.17104
         1.01852e-05           -0.845448            0.572257           -0.437783           0.0087037           0.0266667            -1.45684
          9.6759e-06           -0.807313            0.661326           -0.431224          0.00856716            0.386667            -1.02638
          9.1921e-06            -0.95622            0.605967           -0.430857          0.00855993            0.226667           -0.360315
          8.7325e-06           -0.623971            0.741313           -0.342564          0.00685533            0.786667           -0.900584
         8.29587e-06           -0.665719            0.858543           -0.333679          0.00667201                0.48           0.0936468
         7.88108e-06           -0.868756            0.665343           -0.412757          0.00821792            0.786667             1.31609
         7.48703e-06           -0.702537            0.541758           -0.403605          0.00806045                0.48           -0.672957
         7.11267e-06           -0.729371            0.564603           -0.414031          0.00821626            0.453333           -0.909746
         6.75704e-06           -0.796466            0.535618           -0.406875          0.00808065            0.373333          -0.0111605
         6.41919e-06           -0.746522            0.674076           -0.420715          0.00835088                0.76            -1.60174
         6.09823e-06            -0.83647            0.588939           -0.432478          0.00857494            0.306667             1.49983
         5.79332e-06           -0.802059            0.622837             -0.4438          0.00880895            0.306667           -0.887495
         5.50365e-06           -0.680163            0.695888           -0.447688          0.00887519           0.0266667            -0.90318
         5.22847e-06           -0.769112            0.516841           -0.371832          0.00742013            0.493333            0.952955
         4.96705e-06           -0.751882            0.749944            -0.36531          0.00730659            0.613333           -0.589186
         4.71869e-06           -0.813345            0.586883            -0.43678           0.0086622            0.626667           -0.870457
         4.48276e-06           -0.793331            0.567854            -0.43508          0.00863298            0.133333            0.801036
         4.25862e-06           -0.809397            0.618029           -0.440513          0.00873749            0.133333            0.347176
