#     BLOCK:         BIN_CENTER:           ACTUAL_V:              V_AVE:              ERROR:
           1            0.166633          0.00795993          0.00795993                   0
           1              0.4999            0.029881            0.029881                   0
           1            0.833167            0.102687            0.102687                   0
           1             1.16643            0.174604            0.174604                   0
           1              1.4997            0.189413            0.189413                   0
           1             1.83297            0.251842            0.251842                   0
           1             2.16623            0.343708            0.343708                   0
           1              2.4995            0.386841            0.386841                   0
           1             2.83277            0.521813            0.521813                   0
           1             3.16603            0.398913            0.398913                   0
           1              3.4993            0.250856            0.250856                   0
           1             3.83257            0.155128            0.155128                   0
           1             4.16583            0.101576            0.101576                   0
           1              4.4991           0.0459953           0.0459953                   0
           1             4.83237           0.0122525           0.0122525                   0
           1             5.16563            0.021032            0.021032                   0
           1              5.4989          0.00547332          0.00547332                   0
           1             5.83217         0.000625125         0.000625125                   0
           1             6.16543                   0                   0                   0
           1              6.4987                   0                   0                   0
           1             6.83197                   0                   0                   0
           1             7.16523                   0                   0                   0
           1              7.4985                   0                   0                   0
           1             7.83177                   0                   0                   0
           1             8.16503                   0                   0                   0
           1              8.4983                   0                   0                   0
           1             8.83157                   0                   0                   0
           1             9.16483                   0                   0                   0
           1              9.4981                   0                   0                   0
           1             9.83137                   0                   0                   0


           2            0.166633          0.00776544          0.00786268         6.87602e-05
           2              0.4999            0.054497            0.042189          0.00870308
           2            0.833167             0.13493            0.118808           0.0113995
           2             1.16643            0.194289            0.184447          0.00695952
           2              1.4997             0.35321            0.271311           0.0579109
           2             1.83297            0.308103            0.279973           0.0198914
           2             2.16623             0.41161            0.377659           0.0240071
           2              2.4995            0.486153            0.436497           0.0351119
           2             2.83277            0.335984            0.428898           0.0657004
           2             3.16603            0.234589            0.316751           0.0580975
           2              3.4993            0.186898            0.218877           0.0226123
           2             3.83257            0.149919            0.152524          0.00184179
           2             4.16583           0.0593174           0.0804466           0.0149406
           2              4.4991           0.0331455           0.0395704          0.00454309
           2             4.83237           0.0345347           0.0233936          0.00787796
           2             5.16563           0.0156559           0.0183439          0.00190073
           2              5.4989                   0          0.00273666          0.00193511
           2             5.83217                   0         0.000312563         0.000221015
           2             6.16543                   0                   0                   0
           2              6.4987                   0                   0                   0
           2             6.83197                   0                   0                   0
           2             7.16523                   0                   0                   0
           2              7.4985                   0                   0                   0
           2             7.83177                   0                   0                   0
           2             8.16503                   0                   0                   0
           2              8.4983                   0                   0                   0
           2             8.83157                   0                   0                   0
           2             9.16483                   0                   0                   0
           2              9.4981                   0                   0                   0
           2             9.83137                   0                   0                   0


           3            0.166633           0.0179341           0.0112198          0.00274149
           3              0.4999           0.0846836           0.0563539           0.0129393
           3            0.833167            0.148446            0.128688           0.0110825
           3             1.16643            0.199207            0.189367           0.0061371
           3              1.4997            0.333636            0.292086           0.0421693
           3             1.83297            0.431753            0.330566           0.0433857
           3             2.16623            0.390134            0.381817           0.0163609
           3              2.4995            0.484208            0.452401           0.0267684
           3             2.83277            0.307075            0.388291           0.0549344
           3             3.16603            0.209917             0.28114           0.0484312
           3              3.4993            0.115426            0.184393           0.0319375
           3             3.83257            0.126553            0.143867          0.00717412
           3             4.16583           0.0625959           0.0744964           0.0110821
           3              4.4991           0.0601926           0.0464445          0.00637769
           3             4.83237           0.0167672           0.0211848          0.00555299
           3             5.16563           0.0120719           0.0162533          0.00212595
           3              5.4989                   0          0.00182444          0.00148965
           3             5.83217                   0         0.000208375         0.000170137
           3             6.16543                   0                   0                   0
           3              6.4987                   0                   0                   0
           3             6.83197                   0                   0                   0
           3             7.16523                   0                   0                   0
           3              7.4985                   0                   0                   0
           3             7.83177                   0                   0                   0
           3             8.16503                   0                   0                   0
           3              8.4983                   0                   0                   0
           3             8.83157                   0                   0                   0
           3             9.16483                   0                   0                   0
           3              9.4981                   0                   0                   0
           3             9.83137                   0                   0                   0


           4            0.166633          0.00729313           0.0102382          0.00222494
           4              0.4999           0.0887539           0.0644539           0.0119743
           4            0.833167             0.23645            0.155628           0.0247676
           4             1.16643            0.347806            0.228976           0.0346105
           4              1.4997            0.289294            0.291388           0.0316328
           4             1.83297            0.319439            0.327784           0.0326283
           4             2.16623            0.307311            0.363191           0.0202676
           4              2.4995            0.384424            0.435407            0.024893
           4             2.83277            0.289836            0.363677           0.0463884
           4             3.16603            0.331177            0.293649           0.0379046
           4              3.4993           0.0980196              0.1628           0.0303885
           4             3.83257            0.158587            0.147547          0.00625366
           4             4.16583           0.0779739           0.0753658          0.00834563
           4              4.4991           0.0305756           0.0424772           0.0058893
           4             4.83237          0.00977973           0.0183335          0.00484173
           4             5.16563          0.00682081           0.0138951          0.00259091
           4              5.4989            0.013975          0.00486208          0.00285809
           4             5.83217          0.00173646         0.000590396         0.000354595
           4             6.16543          0.00134749         0.000336873         0.000291741
           4              6.4987                   0                   0                   0
           4             6.83197                   0                   0                   0
           4             7.16523                   0                   0                   0
           4              7.4985                   0                   0                   0
           4             7.83177                   0                   0                   0
           4             8.16503                   0                   0                   0
           4              8.4983                   0                   0                   0
           4             8.83157                   0                   0                   0
           4             9.16483                   0                   0                   0
           4              9.4981                   0                   0                   0
           4             9.83137                   0                   0                   0


           5            0.166633          0.00823776          0.00983808          0.00181557
           5              0.4999           0.0675552           0.0650741          0.00959552
           5            0.833167            0.211556            0.166814           0.0221966
           5             1.16643            0.346361            0.252453           0.0347503
           5              1.4997            0.355432            0.304197           0.0277787
           5             1.83297            0.349084            0.332044           0.0263793
           5             2.16623            0.359947            0.362542           0.0162245
           5              2.4995            0.348723             0.41807           0.0252395
           5             2.83277            0.294462            0.349834           0.0391217
           5             3.16603            0.248675            0.284654           0.0313728
           5              3.4993            0.121594            0.154559           0.0254037
           5             3.83257            0.114495            0.140937          0.00774511
           5             4.16583           0.0921712           0.0787269          0.00732211
           5              4.4991           0.0516909             0.04432          0.00499141
           5             4.83237           0.0028339           0.0152336          0.00476348
           5             5.16563                   0           0.0111161          0.00323645
           5              5.4989                   0          0.00388967          0.00244631
           5             5.83217           0.0218655          0.00484541          0.00381636
           5             6.16543          0.00591785          0.00145307          0.00102527
           5              6.4987                   0                   0                   0
           5             6.83197                   0                   0                   0
           5             7.16523                   0                   0                   0
           5              7.4985                   0                   0                   0
           5             7.83177                   0                   0                   0
           5             8.16503                   0                   0                   0
           5              8.4983                   0                   0                   0
           5             8.83157                   0                   0                   0
           5             9.16483                   0                   0                   0
           5              9.4981                   0                   0                   0
           5             9.83137                   0                   0                   0


