# GENERATION:               LOSS:
            1             2737.88
            2             2626.55
            3             2512.94
            4             2430.57
            5             2334.07
            6              2253.6
            7             2168.22
            8             2094.43
            9             2024.51
           10             1947.27
           11             1885.22
           12             1818.49
           13             1763.77
           14              1707.3
           15             1656.02
           16             1606.51
           17             1570.62
           18             1528.97
           19              1494.3
           20             1461.21
           21             1423.23
           22             1390.05
           23             1368.11
           24             1348.41
           25             1337.72
           26             1320.81
           27             1299.58
           28             1284.73
           29             1264.61
           30             1245.26
           31             1228.02
           32             1209.25
           33             1188.15
           34             1167.15
           35             1153.69
           36             1139.02
           37             1126.16
           38             1110.34
           39             1092.55
           40             1073.53
           41             1053.87
           42             1036.83
           43             1022.45
           44             1002.75
           45             984.296
           46             966.758
           47             949.924
           48             939.741
           49             919.567
           50             902.261
           51             891.272
           52             880.515
           53             865.379
           54             855.138
           55              839.95
           56             827.072
           57             808.532
           58             794.577
           59             775.137
           60             759.941
           61             747.515
           62             737.428
           63             723.938
           64             706.243
           65             688.913
           66             669.979
           67             658.982
           68             641.742
           69             623.723
           70             610.894
           71             595.887
           72             580.581
           73             564.677
           74             550.121
           75             538.851
           76             524.337
           77             509.629
           78             498.874
           79             492.088
           80             486.956
           81             480.266
           82             475.644
           83             468.624
           84             463.342
           85              460.34
           86             455.026
           87             449.801
           88             446.111
           89             439.512
           90             430.875
           91             425.092
           92             416.505
           93              410.13
           94             401.979
           95             394.151
           96             384.361
           97             374.581
           98             367.963
           99             362.527
          100             356.295
          101             349.183
          102             347.922
          103             342.813
          104             339.246
          105              332.83
          106              326.28
          107             321.294
          108             316.145
          109             312.127
          110             306.767
          111              303.02
          112             300.063
          113             295.058
          114             291.843
          115             287.553
          116             285.726
          117             282.834
          118             278.593
          119             276.754
          120             275.462
          121             273.206
          122             270.217
          123              268.58
          124             266.738
          125             264.036
          126             261.817
          127             259.866
          128             256.328
          129             254.419
          130             251.613
          131             249.549
          132             247.177
          133             244.681
          134             241.287
          135              236.96
          136             234.691
          137             232.015
          138             229.643
          139             228.627
          140             227.779
          141             226.917
          142             225.539
          143             223.127
          144             223.262
          145             220.572
          146             218.713
          147              214.33
          148             212.163
          149             210.633
          150             209.301
          151             206.389
          152             204.644
          153             204.194
          154             203.468
          155             203.018
          156             201.696
          157             201.378
          158             200.464
          159             199.053
          160             199.682
          161             199.313
          162             198.634
          163             197.059
          164             195.537
          165             192.683
          166             190.662
          167             187.099
          168             185.259
          169             183.984
          170             183.319
          171             181.189
          172             179.816
          173             177.531
          174             175.721
          175             174.838
          176             173.915
          177             173.592
          178             173.689
          179             170.738
          180             171.091
          181             169.242
          182             169.355
          183             168.646
          184             166.694
          185             164.803
          186             162.879
          187             160.399
          188             158.533
          189             157.183
          190             155.852
          191             154.197
          192             153.562
          193             152.503
          194             151.838
          195             150.664
          196             149.594
          197             150.316
          198             148.649
          199              148.86
          200             148.498
          201             146.508
          202             146.145
          203             144.489
          204             143.249
          205             141.231
          206             140.238
          207             139.811
          208              139.29
          209             137.841
          210             135.907
          211             133.032
          212             129.673
          213             125.959
          214             124.482
          215             122.342
          216             121.398
          217             120.749
          218             119.869
          219             119.531
          220             118.607
          221             118.018
          222             117.401
          223             117.388
          224             116.577
          225             116.523
          226             116.355
          227             117.026
          228             117.881
          229             117.194
          230             117.695
          231             118.268
          232             119.683
          233             121.747
          234             122.396
          235             121.805
          236             122.127
          237             126.489
          238             124.967
          239             127.037
          240             130.129
          241             133.585
          242             131.776
          243             131.265
          244             131.214
          245             131.737
          246             128.797
          247             126.849
          248             123.618
          249             117.349
          250              115.18
          251             109.196
          252             103.582
          253             101.115
          254             98.7221
          255             98.1257
          256             97.6433
          257             96.7298
          258             95.8101
          259             95.3527
          260             94.6406
          261             94.2375
          262             93.5848
          263             92.7286
          264             91.7459
          265             91.1087
          266             90.7203
          267             89.9187
          268             89.4045
          269             88.7123
          270             88.3609
          271             87.7808
          272             87.5365
          273             87.1469
          274             87.0099
          275             86.6258
          276             86.1805
          277             85.9351
          278             85.8103
          279             85.8758
          280             85.5431
          281              85.664
          282             85.5029
          283             85.1652
          284             85.3362
          285             85.3256
          286              85.196
          287             85.0578
          288             85.7578
          289              86.293
          290             86.8048
          291             86.3679
          292             86.2764
          293             85.9105
          294             85.9656
          295             85.6322
          296             84.4958
          297             83.8004
          298             83.3685
          299             82.9802
          300             82.4321
          301             82.2115
          302             81.5427
          303              80.716
          304             80.2302
          305             79.9033
          306             79.6214
          307             79.3158
          308             79.1067
          309             78.8373
          310             78.6454
          311              78.485
          312              78.361
          313              78.108
          314             78.0389
          315             77.7752
          316             78.0359
          317             77.9521
          318              77.781
          319             77.3993
          320             77.6461
          321             77.7744
          322             77.9479
          323             78.1508
          324             77.7593
          325             77.9943
          326             78.2168
          327             78.1565
          328             78.1719
          329             77.9517
          330             77.7191
          331             77.7076
          332             77.3217
          333             77.7945
          334             77.3544
          335             76.4924
          336             76.1781
          337             75.8229
          338             75.7136
          339             76.1862
          340             76.6153
          341             76.1435
          342             76.0279
          343             75.5585
          344             75.9891
          345             75.6978
          346             75.1259
          347             74.7552
          348             74.8391
          349             74.6141
          350             74.8594
          351             75.0308
          352             74.6721
          353             74.8822
          354             75.2477
          355             74.5465
          356             75.0399
          357             74.4572
          358             73.9555
          359             73.2827
          360              73.302
          361             72.3126
          362             72.3711
          363             71.9649
          364               71.69
          365             71.4518
          366              71.428
          367             71.2046
          368             71.1675
          369             70.9496
          370             70.6576
          371             70.5162
          372             70.2935
          373             70.1189
          374              70.118
          375             70.1996
          376              70.077
          377             70.3774
          378             69.8914
          379             69.9178
          380             70.1528
          381             70.1113
          382             70.5438
          383             70.4764
          384             70.5668
          385             71.2116
          386             71.5898
          387             71.6752
          388             73.3572
          389              73.411
          390             72.8954
          391             74.6124
          392              75.889
          393             79.2423
          394              81.598
          395             82.1152
          396             85.0953
          397             83.9956
          398             85.1846
          399             82.8646
          400             81.1268
          401             76.5405
          402             81.1289
          403             79.7617
          404             82.7059
          405             80.9607
          406             77.8889
          407             76.0069
          408              74.593
          409             70.6509
          410             71.8195
          411             71.5794
          412             70.2458
          413             68.9211
          414             67.7338
          415             67.4809
          416             67.2128
          417             67.2921
          418             67.3439
          419             66.9995
          420             67.0896
          421             66.9135
          422             66.6016
          423             66.5793
          424             66.4242
          425             66.1411
          426             66.1519
          427             65.6577
          428             65.7915
          429             65.4667
          430             64.7881
          431             64.6687
          432             64.5768
          433             64.5876
          434             64.7277
          435              64.787
          436             64.6512
          437             65.1445
          438             66.1635
          439             66.8615
          440             65.5208
          441             65.0404
          442             64.1749
          443              64.547
          444              64.029
          445             63.6123
          446             63.7381
          447             63.8844
          448             64.0435
          449              64.105
          450             64.0276
          451             63.3664
          452             63.4108
          453             63.4737
          454             63.3663
          455             63.2789
          456             62.9027
          457             62.6851
          458             62.7189
          459             62.8078
          460             62.5774
          461             62.5546
          462             62.4282
          463             62.3415
          464             62.1318
          465              61.993
          466             61.7962
          467             61.7683
          468             61.7931
          469             61.6787
          470             61.6905
          471             61.4758
          472             61.3444
          473             61.4845
          474             61.5909
          475             61.4693
          476             61.6731
          477             61.7905
          478             61.7344
          479             61.8052
          480             61.6823
          481             61.6028
          482             61.0237
          483              61.175
          484              60.998
          485             60.9592
          486             61.0112
          487             60.6741
          488             60.7984
          489             60.5586
          490             60.8814
          491             60.9659
          492             60.4388
          493             60.6024
          494              60.927
          495             60.6986
          496             60.1638
          497             59.8272
          498             59.8232
          499             59.7822
          500             59.6208
          501              59.434
          502             59.3905
          503             59.5748
          504             59.5132
          505             59.3686
          506             59.3606
          507             59.4799
          508             59.4498
          509             59.1508
          510             59.2261
          511             59.3343
          512             59.0421
          513             58.9833
          514              58.955
          515              58.935
          516             58.9744
          517              59.139
          518             59.3046
          519             59.3326
          520             59.6814
          521             60.3125
          522             60.0274
          523             60.2035
          524             59.1703
          525             58.7314
          526             58.2666
          527             57.7462
          528             57.3851
          529             57.4015
          530             57.2896
          531             57.1185
          532             57.0498
          533             56.8329
          534             56.7504
          535             56.6766
          536             56.6671
          537             56.5845
          538             56.5871
          539             56.5801
          540             56.6049
          541             56.6116
          542             56.5818
          543             56.6037
          544             56.5977
          545             56.5786
          546             56.6277
          547             56.5801
          548             56.5767
          549             56.5733
          550             56.5598
          551             56.5252
          552             56.4988
          553             56.4171
          554             56.2868
          555             56.0408
          556             55.8058
          557             55.6393
          558             55.4989
          559              55.494
          560             55.4986
          561             55.3904
          562             55.3286
          563             55.3103
          564             55.3062
          565             55.3062
          566             55.3062
          567             55.3062
          568             55.3091
          569             55.3071
          570             55.3062
          571             55.3062
          572             55.3165
          573              55.404
          574             55.4092
          575              55.311
          576             55.3133
          577             55.3062
          578             55.3062
          579             55.3062
          580             55.3062
          581             55.3062
          582             55.3062
          583             55.3062
          584             55.3062
          585             55.3062
          586             55.3184
          587             55.3223
          588             55.3215
          589             55.3088
          590             55.3376
          591             55.3303
          592             55.3183
          593              55.341
          594             55.3406
          595             55.3062
          596             55.3062
          597             55.3065
          598             55.3062
          599             55.3062
          600             55.3062
          601             55.3062
          602             55.3062
          603             55.3062
          604             55.3563
          605             55.3789
          606             55.3267
          607             55.3328
          608             55.3781
          609             55.3511
          610             55.5463
          611              55.375
          612             55.3896
          613             55.4169
          614             55.3607
          615             55.3639
          616             55.4591
          617             55.4302
          618             55.3907
          619             55.3346
          620             55.5544
          621             55.6693
          622             55.8307
          623             55.8586
          624               55.64
          625             55.5695
          626             55.7625
          627             55.3136
          628             55.3349
          629             55.3062
          630             55.3062
          631             55.3508
          632              55.319
          633             55.3062
          634             55.3062
          635             55.3062
          636             55.3062
          637             55.3062
          638             55.3062
          639             55.3062
          640             55.3062
          641             55.3062
          642             55.3062
          643             55.3062
          644             55.3062
          645             55.3062
          646             55.3062
          647             55.3062
          648             55.3062
          649             55.3062
          650             55.3062
          651             55.3062
          652             55.3062
          653             55.3419
          654             55.3072
          655             55.3063
          656             55.3062
          657             55.3304
          658             55.3062
          659             55.3065
          660             55.3548
          661             55.3376
          662             55.3062
          663             55.3062
          664             55.3062
          665             55.3062
          666             55.3062
          667             55.3062
          668             55.3062
          669             55.3062
          670             55.3062
          671             55.3062
          672             55.3062
          673             55.3062
          674             55.3358
          675             55.3075
          676             55.3062
          677             55.3062
          678             55.3062
          679             55.3062
          680             55.3971
          681             55.3976
          682             55.5436
          683             55.3707
          684             55.6955
          685             55.7097
          686             55.6778
          687             56.0296
          688             55.4263
          689             55.3518
          690             55.5401
          691             55.3063
          692             55.3062
          693             55.3062
          694             55.3069
          695             55.3062
          696             55.3062
          697             55.3062
          698             55.3062
          699             55.3062
          700             55.3062
          701             55.3062
          702             55.3062
          703             55.3062
          704             55.3062
          705             55.3062
          706             55.3209
          707             55.4291
          708             55.3446
          709              55.308
          710             55.3062
          711             55.3062
          712             55.3066
          713             55.3101
          714             55.3077
          715             55.3062
          716             55.3062
          717             55.3062
          718             55.3141
          719             55.3104
          720             55.3062
          721             55.3062
          722             55.3062
          723             55.3062
          724             55.3062
          725             55.3062
          726             55.3062
          727             55.3062
          728             55.3062
          729             55.3062
          730             55.3062
          731             55.3062
          732             55.3062
          733             55.3062
          734             55.3062
          735             55.3062
          736             55.3062
          737             55.3062
          738             55.3062
          739             55.3062
          740             55.3062
          741             55.3062
          742             55.3062
          743             55.3257
          744              55.345
          745             55.3837
          746             55.3084
          747             55.3319
          748             55.3102
          749             55.3202
          750             55.3062
          751             55.3062
          752             55.3107
          753             55.3138
          754             55.3168
          755             55.3165
          756             55.4062
          757             55.3099
          758             55.3062
          759             55.3062
          760             55.3062
          761             55.3062
          762             55.3062
          763             55.3062
          764             55.3062
          765             55.3062
          766             55.3145
          767             55.3062
          768             55.3589
          769             55.3761
          770             55.3436
          771             55.4028
          772             55.3537
          773             55.5504
          774             55.3556
          775              55.488
          776             55.3706
          777             55.4321
          778             55.3611
          779             55.3062
          780             55.3062
          781             55.3062
          782             55.3062
          783             55.3062
          784             55.3062
          785             55.3062
          786             55.3062
          787             55.3062
          788             55.3062
          789             55.3062
          790             55.3062
          791             55.3071
          792             55.3094
          793             55.3062
          794             55.3062
          795             55.3062
          796             55.3062
          797             55.3062
          798             55.3062
          799             55.3062
          800             55.3265
          801             55.3773
          802             55.3122
          803             55.3099
          804             55.4127
          805             55.4576
          806             55.4132
          807              55.352
          808             55.3073
          809             55.2968
          810             55.3992
          811             55.3249
          812             55.2781
          813             55.2559
          814             55.3275
          815             55.3722
          816             55.1701
          817             55.2157
          818             55.3327
          819             55.1615
          820               55.17
          821              55.215
          822             55.3748
          823             55.1684
          824             55.1602
          825               55.16
          826               55.16
          827               55.16
          828             55.1884
          829             55.2967
          830             55.2524
          831             55.1988
          832             55.1922
          833               55.16
          834             55.1646
          835             55.1928
          836               55.16
          837              55.164
          838             55.1871
          839             55.2774
          840             55.3587
          841             55.4036
          842             55.4599
          843             55.2877
          844              55.183
          845             55.1691
          846               55.16
          847               55.16
          848               55.16
          849               55.16
          850               55.16
          851               55.16
          852               55.16
          853               55.16
          854             55.1602
          855             55.1701
          856             55.1687
          857               55.16
          858               55.16
          859               55.16
          860               55.16
          861               55.16
          862               55.16
          863               55.16
          864             55.1612
          865               55.16
          866               55.16
          867               55.16
          868               55.16
          869               55.16
          870               55.16
          871               55.16
          872               55.16
          873               55.16
          874               55.16
          875              55.236
          876             55.3394
          877             55.2065
          878             55.1942
          879             55.4024
          880             55.7772
          881              55.469
          882             55.3816
          883             55.2128
          884             55.1835
          885               55.16
          886             55.1902
          887             55.2127
          888               55.16
          889               55.16
          890             55.2119
          891             55.2445
          892             55.1737
          893               55.16
          894              55.176
          895             55.2597
          896              55.331
          897             55.1765
          898               55.16
          899               55.16
          900               55.16
          901               55.16
          902               55.16
          903               55.16
          904               55.16
          905               55.16
          906               55.16
          907             55.1715
          908             55.1828
          909             55.1739
          910               55.16
          911               55.16
          912               55.16
          913               55.16
          914               55.16
          915               55.16
          916             55.3533
          917             55.2045
          918               55.16
          919               55.16
          920             55.1788
          921             55.1849
          922              55.174
          923             55.2024
          924               55.16
          925               55.16
          926               55.16
          927               55.16
          928               55.16
          929               55.16
          930               55.16
          931             55.1702
          932               55.16
          933               55.16
          934               55.16
          935               55.16
          936               55.16
          937               55.16
          938               55.16
          939               55.16
          940               55.16
          941             55.1773
          942             55.1655
          943             55.1675
          944               55.16
          945               55.16
          946               55.16
          947               55.16
          948               55.16
          949               55.16
          950               55.16
          951               55.16
          952               55.16
          953               55.16
          954             55.1601
          955              55.161
          956               55.16
          957               55.16
          958               55.16
          959               55.16
          960             55.1782
          961             55.2381
          962             55.4443
          963             55.3736
          964             55.2843
          965              55.169
          966             55.2123
          967             55.2385
          968               55.16
          969             55.1627
          970             55.1792
          971              55.174
          972               55.16
          973               55.16
          974             55.1639
          975             55.1605
          976             55.1845
          977             55.2758
          978              55.291
          979             55.2138
          980             55.2706
          981             55.3156
          982             55.2172
          983             55.1811
          984               55.16
          985             55.1615
          986             55.1976
          987             55.1731
          988               55.16
          989               55.16
          990               55.16
          991               55.16
          992               55.16
          993             55.1888
          994              55.215
          995             55.4044
          996             55.2076
          997             55.1887
          998             55.2977
          999             55.5554
         1000             55.6144
