# GENERATION:               LOSS:
            1             2717.73
            2             2592.08
            3             2484.87
            4             2388.84
            5             2301.95
            6                2210
            7             2139.11
            8             2069.35
            9             2001.02
           10             1935.57
           11             1860.36
           12             1810.51
           13             1753.02
           14             1701.38
           15             1646.42
           16             1604.01
           17              1575.1
           18             1541.01
           19             1509.32
           20             1485.98
           21             1463.68
           22             1437.39
           23                1418
           24             1389.39
           25             1367.22
           26             1345.24
           27             1322.32
           28             1299.71
           29             1276.59
           30             1244.29
           31             1214.68
           32             1188.15
           33             1159.32
           34             1133.48
           35             1112.04
           36             1091.72
           37              1068.3
           38             1056.08
           39             1036.18
           40             1020.12
           41             1006.08
           42             983.135
           43             964.557
           44             950.325
           45             938.054
           46             926.778
           47             915.565
           48             906.884
           49             894.335
           50             886.283
           51             879.808
           52              872.39
           53             858.181
           54              844.39
           55             837.996
           56             827.431
           57             820.324
           58             807.713
           59             793.302
           60             779.103
           61             764.511
           62             757.926
           63             748.571
           64             744.039
           65             741.924
           66             741.326
           67             739.381
           68             739.475
           69             736.424
           70             737.194
           71             736.526
           72             735.313
           73             737.946
           74             729.466
           75             728.671
           76              723.98
           77             722.319
           78             722.463
           79             715.838
           80             717.687
           81             709.933
           82             700.683
           83             696.562
           84             695.269
           85             687.954
           86             684.138
           87              669.06
           88             653.935
           89             633.974
           90             617.411
           91             601.552
           92             586.244
           93             575.846
           94             565.137
           95             558.933
           96               553.7
           97             544.192
           98             533.161
           99             519.945
          100             510.405
          101             470.818
          102             447.824
          103             422.258
          104             393.299
          105             367.001
          106               346.9
          107             338.929
          108             331.259
          109             324.798
          110             315.602
          111             308.624
          112             305.829
          113             300.048
          114             296.612
          115             291.551
          116             284.951
          117             282.089
          118             278.744
          119             274.178
          120             270.022
          121             266.482
          122              263.85
          123             260.731
          124             259.372
          125             257.051
          126             254.074
          127             251.182
          128             247.702
          129             244.285
          130             241.999
          131             239.757
          132             236.829
          133             234.337
          134             231.986
          135             230.459
          136             228.298
          137             226.421
          138             224.748
          139             222.626
          140             220.296
          141             218.569
          142             216.922
          143             216.356
          144             214.033
          145             210.594
          146             209.351
          147             207.337
          148             205.558
          149             204.144
          150             201.964
          151             200.132
          152             198.599
          153             196.495
          154             195.342
          155             194.104
          156             192.245
          157              190.86
          158             189.103
          159             187.561
          160             185.838
          161             184.995
          162             183.315
          163             182.331
          164             179.606
          165             177.475
          166             174.977
          167             173.404
          168             170.294
          169             165.906
          170             162.734
          171             160.045
          172             158.085
          173              156.42
          174             155.596
          175             154.567
          176             153.844
          177               153.8
          178              153.44
          179             153.192
          180             153.648
          181             153.938
          182             154.194
          183             153.711
          184             154.208
          185             153.225
          186             153.602
          187             152.284
          188             152.069
          189             153.016
          190             152.193
          191             151.274
          192             150.485
          193             148.189
          194             146.961
          195             146.348
          196              145.15
          197             143.419
          198             143.252
          199             142.964
          200             141.315
          201             138.812
          202             140.811
          203             140.454
          204             140.477
          205             140.467
          206             139.668
          207             140.176
          208              139.06
          209             136.544
          210             133.516
          211             131.866
          212             129.546
          213             127.483
          214             125.708
          215             125.367
          216               124.1
          217             123.273
          218              122.26
          219             122.174
          220             122.058
          221             122.052
          222             123.093
          223             123.227
          224             122.568
          225             123.961
          226             126.195
          227             129.671
          228             130.795
          229             130.079
          230             132.792
          231             134.221
          232             131.496
          233             133.001
          234             131.728
          235             131.438
          236             130.132
          237             124.762
          238             122.835
          239             117.581
          240             115.225
          241             115.014
          242             110.679
          243             110.421
          244             108.866
          245              107.74
          246             106.276
          247              105.77
          248             103.818
          249             103.379
          250             102.987
          251              102.46
          252             101.699
          253             101.023
          254             100.547
          255             100.104
          256             99.4977
          257             99.1255
          258             98.8597
          259             98.8146
          260             98.8867
          261             98.9058
          262             98.5074
          263              98.151
          264              97.882
          265             97.5701
          266             97.8484
          267             97.0029
          268             96.6215
          269             96.6759
          270             96.3656
          271             95.8926
          272             95.9906
          273             95.2251
          274             95.2737
          275             94.9377
          276             94.7671
          277             93.9339
          278             93.0133
          279             92.5843
          280             92.3342
          281             91.4128
          282               90.69
          283             89.9556
          284             89.5725
          285             89.7494
          286             89.1736
          287              89.269
          288              88.647
          289             88.3713
          290             88.6299
          291             87.8166
          292             86.7307
          293             86.6163
          294             87.2816
          295             86.7028
          296             86.4163
          297             85.6427
          298             84.8608
          299             84.5361
          300             84.5385
          301             82.7387
          302             83.2865
          303             83.0659
          304             83.3243
          305             82.3222
          306             82.6007
          307             82.3516
          308             80.3244
          309             79.6827
          310             78.9125
          311             78.1928
          312             77.2028
          313             76.7516
          314             75.2427
          315             75.2546
          316             74.6741
          317             73.6641
          318             73.1255
          319             73.4794
          320              72.647
          321             71.3715
          322             71.0989
          323             70.6953
          324             70.4409
          325             70.2514
          326             70.2116
          327             70.1563
          328             70.1339
          329             70.1634
          330             70.4774
          331             70.7148
          332             70.8491
          333             70.9798
          334             70.8399
          335             71.7691
          336             71.5643
          337             72.2057
          338              73.342
          339             74.9029
          340             78.0795
          341              79.749
          342             83.2488
          343               83.63
          344             85.9461
          345             87.1178
          346             85.8647
          347             83.7383
          348             82.6237
          349             80.4161
          350              82.198
          351             81.0256
          352             79.4466
          353              80.177
          354              76.771
          355             74.8353
          356             73.1125
          357             73.2526
          358             71.6553
          359             71.3687
          360             70.1686
          361             69.2152
          362             69.8426
          363             70.3287
          364             70.9848
          365             69.7504
          366             68.9015
          367              68.696
          368              68.047
          369             67.1874
          370             66.8675
          371             66.0563
          372             65.5896
          373             65.3154
          374             65.0964
          375             65.0551
          376             64.8298
          377             64.7177
          378             64.6522
          379             64.6257
          380             64.3232
          381             64.2045
          382             64.1112
          383              63.916
          384             63.8433
          385             63.7469
          386             63.6228
          387              63.519
          388             63.5581
          389             63.2665
          390              62.926
          391             62.7316
          392             62.6219
          393             62.4983
          394             62.2131
          395              62.032
          396             61.6813
          397             61.3975
          398             61.2845
          399              61.252
          400             61.1671
          401             61.1324
          402             61.0383
          403             61.0614
          404             61.0202
          405             60.8959
          406             60.8582
          407             60.7812
          408             60.7831
          409             60.6626
          410             60.4171
          411             60.4925
          412             60.3192
          413             60.1709
          414             60.1041
          415             60.0435
          416              60.038
          417             60.0297
          418             60.0231
          419             60.0389
          420             60.1135
          421             60.0143
          422             59.9411
          423             59.9064
          424             59.8747
          425             59.8388
          426             59.8104
          427             59.7854
          428             59.7778
          429             59.7351
          430             59.6986
          431             59.6532
          432             59.6619
          433             59.6324
          434             59.6131
          435             59.6177
          436             59.5547
          437             59.5048
          438             59.6281
          439              59.695
          440             59.8003
          441             59.4278
          442             59.5856
          443             59.3268
          444             59.2717
          445             59.2321
          446             59.2123
          447             59.2022
          448             59.1896
          449             59.1958
          450             59.1865
          451             59.1857
          452             59.1838
          453             59.1796
          454              59.171
          455             59.1538
          456             59.1326
          457             59.1073
          458             59.0901
          459             59.0812
          460             59.0743
          461              59.076
          462             59.0701
          463             59.0701
          464             59.0701
          465             59.0701
          466             59.0706
          467               59.07
          468             59.0697
          469             59.0689
          470             59.0673
          471             59.0616
          472             59.0503
          473             59.0273
          474             58.9859
          475             58.9395
          476              58.907
          477             58.8786
          478             58.9037
          479             58.8363
          480             58.8078
          481             58.8045
          482             58.8186
          483              58.971
          484             58.8794
          485             58.8098
          486             58.6778
          487              58.678
          488             58.6903
          489             58.6768
          490             58.6732
          491             58.6733
          492             58.6732
          493             58.6732
          494             58.6733
          495             58.6812
          496             58.6941
          497             58.6967
          498             58.7443
          499             58.9806
          500             58.8414
          501             58.6792
          502             58.6651
          503             58.6444
          504             58.6543
          505             58.6595
          506             58.7624
          507              58.474
          508             58.0113
          509             57.3529
          510              57.048
          511             56.9938
          512             57.2382
          513             57.1126
          514             57.3115
          515             57.6084
          516             58.2019
          517             58.3818
          518              58.622
          519              58.626
          520             57.4133
          521             57.4802
          522             57.1457
          523             57.3358
          524             57.0329
          525             57.4785
          526              57.093
          527             57.3328
          528             57.4396
          529             57.9878
          530              57.578
          531             57.2227
          532             57.5654
          533             56.7065
          534             56.7571
          535             56.7005
          536             56.4769
          537             56.2728
          538             56.2608
          539               56.15
          540             56.1017
          541             56.1886
          542             56.1542
          543             55.9109
          544             55.9697
          545             55.8799
          546             55.9002
          547             55.9296
          548             55.8628
          549             56.0508
          550             55.8722
          551             55.8628
          552             55.8847
          553             55.8628
          554             55.8628
          555             55.8831
          556             55.8628
          557             55.8628
          558             55.8628
          559             55.8628
          560             55.8628
          561             55.8628
          562             55.8628
          563             55.8628
          564             55.8628
          565             55.8628
          566             55.8628
          567             55.8628
          568              55.884
          569             55.8628
          570             55.8628
          571               55.91
          572             55.8628
          573             55.8628
          574             55.8628
          575             55.8628
          576             55.8628
          577             55.8628
          578             55.8628
          579             55.8628
          580             55.8628
          581             55.8628
          582             55.8628
          583             55.8628
          584             55.8628
          585             55.8628
          586             55.8628
          587             55.8628
          588             55.8628
          589             55.8651
          590             55.8628
          591             55.8628
          592             55.8712
          593             55.9486
          594               56.02
          595             55.9614
          596             55.8646
          597             55.9152
          598             55.9902
          599             55.8896
          600             55.8628
          601             55.8071
          602             55.7899
          603             55.8055
          604             55.9346
          605             56.3447
          606             56.2034
          607             56.3656
          608             55.9282
          609             55.7785
          610             55.6276
          611              55.519
          612             55.7285
          613             56.4738
          614             55.7843
          615             55.1793
          616             55.2094
          617             55.0423
          618             54.8287
          619             54.8287
          620             54.8287
          621             54.8311
          622             54.8287
          623             54.8287
          624             54.8287
          625             54.8287
          626             54.8359
          627             54.8287
          628             54.9187
          629             54.9322
          630              55.043
          631             55.0686
          632             55.0832
          633             54.9025
          634             55.0115
          635             55.0001
          636             55.1259
          637             54.8813
          638             54.8306
          639             54.8928
          640             54.8287
          641             54.8287
          642             54.8287
          643             54.8324
          644             54.8287
          645             54.8653
          646             54.8288
          647             54.8287
          648             54.8287
          649             54.8287
          650             54.8287
          651             54.8287
          652             54.8287
          653              54.835
          654             54.8292
          655             54.8377
          656             54.8287
          657             54.8287
          658             54.8287
          659             54.8374
          660             54.9032
          661             54.8647
          662             54.8287
          663             54.9365
          664             54.8619
          665             54.9771
          666             54.9052
          667             54.8287
          668             54.8287
          669             54.8287
          670             54.8435
          671             54.8287
          672             54.8287
          673             54.8287
          674             54.8287
          675             54.8287
          676             54.8287
          677             54.8287
          678             54.8287
          679             54.8287
          680             54.8287
          681             54.8287
          682             54.8287
          683             54.8287
          684             54.8287
          685             54.8287
          686             54.8287
          687             54.8316
          688             54.8316
          689             54.8287
          690             54.8287
          691             54.8287
          692             54.8287
          693             54.8287
          694             54.8287
          695             54.8834
          696             54.8306
          697             54.8824
          698             54.8536
          699             54.8341
          700             54.9558
          701             54.8459
          702             54.8424
          703             54.8531
          704             54.8446
          705             55.1179
          706             54.9505
          707             55.0421
          708             54.9454
          709             55.3451
          710             55.3309
          711             54.9406
          712             54.7726
          713             54.7551
          714             54.7509
          715             54.8677
          716             54.7515
          717             54.7509
          718             54.7509
          719             54.7847
          720             54.7528
          721             54.7526
          722             54.7509
          723             54.7509
          724             54.7509
          725             54.7509
          726             54.7509
          727             54.7509
          728             54.7509
          729             54.7509
          730             54.7509
          731             54.7509
          732             54.7509
          733             54.7509
          734             54.7509
          735             54.7509
          736             54.7509
          737             54.7662
          738             54.7509
          739             54.7509
          740             54.7509
          741             54.7509
          742             54.7509
          743             54.7509
          744             54.7509
          745             54.7509
          746             54.7509
          747             54.7509
          748             54.7509
          749             54.7509
          750             54.7509
          751             54.7509
          752             54.7509
          753             54.7509
          754             54.7509
          755             54.7509
          756             54.7509
          757             54.7509
          758             54.7509
          759              54.793
          760             54.7687
          761             54.7789
          762             54.7509
          763              54.932
          764             54.9445
          765             54.8541
          766             54.7994
          767             54.7509
          768             54.7509
          769             54.7509
          770             54.7509
          771             54.7509
          772             54.7509
          773             54.7509
          774             54.7509
          775             54.7509
          776             54.7509
          777             54.7509
          778             54.7509
          779             54.7509
          780             54.7509
          781             54.7509
          782             54.7509
          783             54.7509
          784             54.7509
          785             54.7564
          786             54.8943
          787             54.8999
          788             54.9747
          789             54.9276
          790             54.7886
          791             54.7509
          792             54.7509
          793             54.7509
          794             54.7509
          795             54.7509
          796             54.7558
          797             54.8098
          798             54.7509
          799             54.8079
          800             54.8578
          801             54.7875
          802             54.7509
          803             54.7509
          804             54.7509
          805             54.7509
          806             54.7509
          807             54.7509
          808             54.7509
          809             54.7509
          810             54.7509
          811             54.7509
          812             54.7509
          813             54.7509
          814             54.7509
          815             54.7509
          816             54.7509
          817             54.7509
          818             54.7509
          819             54.7509
          820             54.7509
          821             54.7509
          822             54.7509
          823             54.7509
          824             54.7509
          825             54.7509
          826             54.7509
          827              54.752
          828             54.8984
          829             54.7686
          830             54.7558
          831             54.7661
          832             54.7509
          833             54.7598
          834             54.7578
          835             54.7509
          836             54.7509
          837             54.7791
          838              54.766
          839             54.7591
          840             54.7639
          841             54.7716
          842             54.7509
          843             54.7509
          844             54.7634
          845             54.7661
          846             54.9994
          847             54.9809
          848             54.7609
          849               54.92
          850             54.9753
          851               55.08
          852             55.1962
          853             55.0567
          854             54.9753
          855             54.9065
          856              55.045
          857              55.087
          858             54.9428
          859             54.8384
          860             54.7656
          861             54.7678
          862             54.7546
          863             54.7509
          864             54.7509
          865             54.8663
          866             54.7509
          867             54.7565
          868             54.7594
          869             54.7591
          870             54.7706
          871             54.7509
          872             54.7509
          873             54.7509
          874             54.7509
          875             54.7509
          876             54.7509
          877             54.7509
          878             54.7509
          879             54.7509
          880             54.7509
          881             54.7509
          882             54.7509
          883             54.7509
          884             54.7509
          885             54.7509
          886             54.7509
          887             54.7509
          888             54.7509
          889             54.7509
          890             54.7509
          891             54.7509
          892             54.7593
          893             54.7509
          894             54.7509
          895             54.7509
          896             54.7509
          897             54.7509
          898             54.7509
          899             54.7509
          900             54.7509
          901             54.7556
          902             54.7515
          903             54.7509
          904             54.7509
          905             54.7509
          906             54.7509
          907             54.7509
          908             54.7509
          909             54.7509
          910             54.7509
          911             54.7509
          912             54.7509
          913             54.7509
          914             54.7887
          915             54.7704
          916             54.7539
          917             54.7577
          918             54.7842
          919             54.9319
          920             55.0827
          921             55.0111
          922             54.7892
          923             54.8043
          924             54.8056
          925             54.7509
          926             54.7509
          927             54.7509
          928             54.7509
          929             54.7509
          930             54.7509
          931             54.7509
          932             54.7509
          933             54.7509
          934             54.7509
          935             54.7509
          936             54.7509
          937             54.7509
          938             54.7509
          939             54.7603
          940             54.7906
          941             54.8208
          942             54.7509
          943             54.7509
          944             54.7509
          945             54.7509
          946             54.7509
          947             54.7509
          948             54.7509
          949             54.7509
          950             54.7509
          951             54.7509
          952             54.7582
          953             54.7602
          954              54.987
          955             54.8358
          956             54.7574
          957             54.7591
          958             54.7512
          959             54.7589
          960             54.7556
          961             54.8182
          962             54.8494
          963             54.8958
          964             55.0195
          965             54.9186
          966             54.8976
          967             54.8095
          968             54.8826
          969             54.9694
          970             54.9984
          971             54.8704
          972             54.9677
          973             54.9346
          974             54.9164
          975             54.8847
          976             54.8417
          977             54.8321
          978             54.9112
          979             54.9762
          980             54.7764
          981             54.6609
          982             54.5713
          983              54.557
          984              54.557
          985             54.5695
          986              54.557
          987              54.557
          988              54.557
          989              54.557
          990              54.557
          991              54.557
          992              54.557
          993              54.557
          994              54.557
          995              54.557
          996              54.557
          997              54.557
          998              54.557
          999              54.557
         1000              54.557
