# GENERATION:               LOSS:
            1              2727.6
            2              2583.4
            3             2464.27
            4             2355.27
            5             2280.08
            6             2209.03
            7             2141.11
            8             2072.55
            9             2015.87
           10             1968.28
           11             1911.95
           12             1870.78
           13             1823.97
           14             1779.58
           15             1732.73
           16             1699.69
           17              1654.5
           18             1607.57
           19             1565.31
           20             1528.92
           21             1500.77
           22             1465.73
           23             1429.49
           24             1393.82
           25             1367.09
           26             1324.58
           27             1291.03
           28             1270.68
           29             1239.95
           30             1217.75
           31             1194.32
           32             1175.42
           33             1154.29
           34             1133.21
           35             1115.52
           36             1089.41
           37              1064.6
           38             1030.76
           39              1006.9
           40             973.121
           41             953.677
           42             927.013
           43              909.73
           44             893.888
           45             875.347
           46             859.996
           47             839.145
           48             824.899
           49             814.339
           50             802.066
           51             789.526
           52             777.809
           53             768.141
           54             759.297
           55             747.538
           56             738.777
           57             729.257
           58              720.81
           59             713.848
           60             710.096
           61             703.795
           62             697.501
           63             693.834
           64             690.852
           65             684.663
           66             681.287
           67             675.226
           68             666.294
           69             653.594
           70              639.76
           71              634.09
           72              624.69
           73             615.874
           74              610.73
           75             602.304
           76             593.611
           77             588.457
           78             580.202
           79             572.063
           80             562.522
           81             554.538
           82             546.165
           83             538.269
           84             527.948
           85             519.275
           86             510.619
           87             500.227
           88             488.896
           89             477.835
           90             470.522
           91             463.224
           92             457.122
           93             449.905
           94             440.632
           95              432.09
           96             422.946
           97             417.841
           98             412.495
           99             408.608
          100             403.891
          101             398.843
          102              397.42
          103             394.297
          104             391.306
          105              387.73
          106             385.145
          107             382.362
          108             378.828
          109             378.799
          110             375.728
          111             373.977
          112             371.303
          113             367.791
          114              364.95
          115             359.054
          116             354.729
          117             348.773
          118             346.352
          119             344.413
          120             343.979
          121             345.472
          122             343.903
          123             345.737
          124             342.925
          125             343.341
          126             344.645
          127             342.333
          128             341.896
          129             341.703
          130              342.52
          131             343.517
          132              343.56
          133             347.095
          134              346.72
          135             346.595
          136             348.685
          137             341.807
          138             339.599
          139             340.872
          140              342.96
          141             340.123
          142             338.273
          143             340.102
          144             337.293
          145             332.449
          146             327.578
          147             321.386
          148             318.154
          149             307.843
          150             298.152
          151              295.49
          152             289.374
          153              284.86
          154             281.808
          155             280.486
          156             277.336
          157             273.557
          158             272.656
          159             272.752
          160             269.383
          161             264.648
          162             259.808
          163             258.998
          164             258.964
          165             257.464
          166             255.429
          167             253.762
          168             251.786
          169             251.841
          170              250.53
          171             252.011
          172              251.49
          173              250.97
          174             251.212
          175             249.169
          176             248.635
          177             246.227
          178             245.245
          179             243.802
          180             243.173
          181             238.237
          182             236.523
          183             233.898
          184             233.262
          185             231.505
          186             229.248
          187             230.091
          188             229.912
          189             229.559
          190             230.262
          191             230.372
          192             231.419
          193             230.601
          194             229.039
          195             226.379
          196              222.09
          197             218.719
          198             216.389
          199             216.166
          200             215.019
          201             205.955
          202             211.155
          203              216.07
          204             218.586
          205             221.115
          206             220.226
          207             214.707
          208             208.938
          209             198.915
          210             193.283
          211             187.416
          212             183.267
          213             178.218
          214             174.857
          215              171.28
          216             170.608
          217             167.799
          218              166.45
          219             166.344
          220              164.07
          221             163.702
          222             163.279
          223             161.633
          224             160.622
          225             159.804
          226             159.605
          227             158.129
          228             156.942
          229             154.938
          230             152.953
          231             152.722
          232             151.145
          233             149.861
          234             148.244
          235             147.832
          236             147.036
          237             146.316
          238             145.641
          239             144.613
          240             144.319
          241             143.163
          242             141.948
          243             141.304
          244             140.897
          245             139.218
          246             138.312
          247             138.846
          248             138.097
          249               138.7
          250             137.736
          251             136.582
          252             135.224
          253             133.054
          254              131.88
          255             130.904
          256             131.121
          257             129.679
          258              129.05
          259             128.299
          260             128.698
          261             127.945
          262             126.889
          263             125.089
          264              123.31
          265              122.63
          266             122.108
          267             120.829
          268             119.742
          269             120.265
          270             118.863
          271             118.954
          272              118.91
          273             118.595
          274             118.349
          275             118.866
          276             118.508
          277             118.689
          278             119.416
          279             120.184
          280             118.722
          281             116.913
          282             116.491
          283             117.233
          284             117.522
          285             117.912
          286             116.219
          287             114.954
          288             115.338
          289             115.666
          290             115.996
          291             118.013
          292             121.615
          293             123.142
          294             127.527
          295             128.156
          296             126.291
          297             125.991
          298             123.552
          299             121.852
          300             118.881
          301             107.923
          302             104.645
          303             102.133
          304             100.717
          305             98.7462
          306             97.5159
          307             96.8117
          308             97.0051
          309             96.6284
          310             96.3831
          311             95.5149
          312             94.9307
          313             93.8162
          314             92.8372
          315             92.1236
          316             91.1867
          317              90.327
          318             89.2012
          319             88.2734
          320               87.69
          321             87.6216
          322             86.7342
          323             86.2191
          324             86.0798
          325             85.6784
          326             85.4532
          327             85.2309
          328             84.9305
          329             84.6401
          330             84.2866
          331             84.3191
          332             84.3816
          333             84.1713
          334              83.971
          335              83.901
          336             83.6916
          337              84.014
          338             84.0291
          339             83.7071
          340              83.201
          341             82.8048
          342              82.999
          343             82.9219
          344             83.2727
          345             83.9804
          346              83.505
          347             82.5505
          348             82.3148
          349             81.9872
          350             81.8565
          351             81.8987
          352             81.5162
          353             80.3859
          354             79.5168
          355             78.6766
          356             78.1228
          357              77.684
          358             77.2432
          359             76.7966
          360             76.3812
          361             76.2143
          362             76.0915
          363             75.9133
          364             75.6832
          365             75.2737
          366             75.0623
          367             75.0159
          368             74.8404
          369             74.8179
          370             74.4359
          371              74.326
          372             74.6683
          373              74.338
          374              73.485
          375             73.0849
          376              73.006
          377             72.8575
          378             72.7303
          379             72.4612
          380             72.1709
          381             71.9653
          382             72.0258
          383             71.7644
          384              71.178
          385             70.9213
          386             70.8208
          387              70.706
          388             70.3609
          389             70.2023
          390             70.1443
          391             70.0417
          392             70.0205
          393             69.8419
          394             70.6001
          395             71.2377
          396             71.6005
          397              72.655
          398             74.1017
          399             75.1673
          400             76.4217
          401             75.8749
          402             79.8926
          403             83.2098
          404             86.7199
          405             88.6249
          406             89.2622
          407             84.6651
          408             84.8193
          409             85.2186
          410             85.5343
          411             83.7299
          412             81.5946
          413             81.0588
          414             80.9893
          415             78.5465
          416             80.9925
          417              82.269
          418             84.9763
          419             84.1767
          420             81.3802
          421             80.0257
          422              77.228
          423              74.051
          424             72.8197
          425             71.8626
          426             69.4019
          427             67.7996
          428             67.7989
          429             67.4357
          430             67.0443
          431             66.9892
          432             67.6057
          433             68.6667
          434             68.6205
          435             68.3962
          436              69.673
          437              69.473
          438             69.3187
          439              68.002
          440             67.6598
          441             66.6583
          442             66.0761
          443             64.7992
          444             64.3062
          445             64.2531
          446             64.2638
          447              64.258
          448             63.9642
          449             64.4409
          450             64.6238
          451             65.1732
          452             67.0115
          453             68.7118
          454             69.9203
          455             69.4216
          456             68.6022
          457             68.4308
          458              67.495
          459             66.3473
          460             64.5385
          461             64.1195
          462              63.464
          463             63.3791
          464             63.4347
          465             63.1632
          466              62.677
          467             62.8184
          468             62.7569
          469             62.6049
          470             62.5549
          471              62.504
          472             62.4881
          473             62.4532
          474             62.3904
          475             62.2619
          476             62.1608
          477              62.155
          478             62.0313
          479             61.9227
          480             61.8683
          481             61.7824
          482             61.7418
          483             61.5685
          484             61.4254
          485             61.3151
          486             61.2335
          487              61.187
          488             61.1364
          489              61.111
          490             61.0808
          491             61.0679
          492             61.0614
          493             61.0614
          494             61.0614
          495             61.0614
          496             61.0615
          497              61.118
          498             61.0893
          499             61.1845
          500             61.1142
          501             61.1306
          502             61.3738
          503             61.0907
          504             61.3464
          505              61.514
          506             61.2263
          507             61.4294
          508             61.5156
          509             61.4825
          510             62.8447
          511             63.7619
          512             64.9316
          513              64.628
          514             64.1365
          515              63.379
          516             62.4907
          517             61.2419
          518             61.0516
          519             60.8224
          520             60.8276
          521             60.7333
          522             60.6375
          523              60.523
          524             60.4265
          525             60.3607
          526             60.2761
          527              60.187
          528              60.126
          529             60.0907
          530             60.1774
          531             60.3966
          532             60.0807
          533             60.0055
          534             59.9767
          535             59.9746
          536             59.9747
          537             60.0299
          538             60.0657
          539             60.0635
          540             60.4008
          541             60.4273
          542             61.0474
          543             60.3582
          544             59.9263
          545             60.1362
          546              60.039
          547             59.9998
          548             59.8852
          549             60.3817
          550             60.8513
          551             61.2933
          552             62.0509
          553             61.2293
          554             61.3025
          555             60.1073
          556             59.8983
          557             59.7531
          558              59.689
          559              59.569
          560             59.5673
          561              59.589
          562             59.5673
          563              59.568
          564             59.5673
          565             59.5673
          566             59.5747
          567             59.5986
          568             59.6106
          569             59.8296
          570             59.6463
          571             59.5994
          572             59.6797
          573             60.0657
          574             59.9773
          575             59.7758
          576             59.5831
          577             59.5668
          578             59.7459
          579             59.7234
          580             59.8726
          581             60.0429
          582             60.2798
          583             60.5589
          584             60.5211
          585              60.192
          586             60.1613
          587             59.7112
          588             59.6636
          589             59.6182
          590             59.7725
          591             59.6568
          592             59.6266
          593             59.7429
          594             59.7963
          595             60.2064
          596              60.264
          597             59.6829
          598             59.8797
          599             59.7083
          600             59.7787
          601             60.3196
          602              61.479
          603              63.008
          604             63.4138
          605             61.7308
          606             61.2489
          607             60.1949
          608             60.0473
          609             60.1059
          610             60.2235
          611              59.421
          612             59.4999
          613             59.3511
          614              59.187
          615             59.0685
          616             59.0363
          617             58.9584
          618             58.9821
          619             59.0099
          620             59.0219
          621             59.0441
          622             58.9119
          623             58.9244
          624             59.2224
          625             59.2307
          626              58.964
          627             58.9174
          628              58.942
          629             58.9838
          630             59.1958
          631             59.0511
          632              58.929
          633             58.9119
          634             58.9119
          635             58.9128
          636             58.9236
          637              58.949
          638             58.9164
          639             58.9149
          640             58.9119
          641             59.0064
          642             58.9227
          643             58.9187
          644             58.9119
          645             58.9264
          646             58.9181
          647             58.9808
          648             58.9264
          649             59.0461
          650             58.9194
          651             58.9119
          652             58.9119
          653             58.9127
          654             58.9119
          655             58.9201
          656             58.9119
          657             58.9119
          658             58.9119
          659             58.9568
          660             58.9119
          661             58.9119
          662             58.9119
          663             58.9392
          664             58.9296
          665             58.9131
          666             58.9351
          667             58.9127
          668             58.9119
          669             58.9119
          670             58.9119
          671             58.9119
          672             59.0622
          673             58.9148
          674             58.9119
          675             58.9119
          676              58.949
          677             58.9404
          678             58.9119
          679             58.9242
          680             58.9423
          681             58.9123
          682             58.9151
          683             58.9119
          684             58.9154
          685             58.9218
          686             58.9149
          687             58.9119
          688             58.9578
          689             58.9794
          690             58.9119
          691             58.9119
          692             58.9119
          693             58.9119
          694              58.916
          695             58.9305
          696             58.9358
          697             58.9119
          698             58.9119
          699             58.9119
          700             58.9178
          701              58.542
          702             58.2705
          703             58.5291
          704              58.983
          705             58.0506
          706             57.3396
          707             56.9905
          708             56.1681
          709             55.7218
          710             55.6393
          711             55.4096
          712             55.3872
          713             55.2125
          714             55.2151
          715             55.2125
          716             55.2125
          717             55.2125
          718             55.2125
          719             55.2125
          720             55.2125
          721             55.2125
          722             55.2125
          723             55.2125
          724             55.2125
          725             55.2304
          726             55.2591
          727             55.2589
          728             55.2561
          729              55.353
          730             55.2341
          731             55.4152
          732             55.6364
          733             55.4437
          734             55.2756
          735             55.2189
          736             55.2125
          737             55.2125
          738             55.2125
          739             55.2125
          740             55.2125
          741             55.2125
          742             55.2125
          743             55.2155
          744             55.2125
          745             55.2125
          746             55.2372
          747             55.3736
          748             55.4822
          749              55.449
          750             55.6711
          751             55.2986
          752             55.2125
          753             55.2125
          754             55.3553
          755             55.2125
          756             55.2174
          757             55.2151
          758             55.2709
          759             55.2533
          760             55.2366
          761             55.2626
          762             55.3572
          763             55.2247
          764             55.2125
          765             55.2125
          766             55.2125
          767             55.2125
          768             55.2125
          769             55.2125
          770             55.2125
          771             55.2125
          772             55.2125
          773             55.2872
          774             55.2584
          775             55.2125
          776             55.2125
          777             55.2245
          778             55.2125
          779             55.2184
          780             55.2181
          781             55.3725
          782              55.224
          783             55.2125
          784             55.2125
          785             55.2125
          786             55.2125
          787             55.2125
          788             55.2222
          789             55.2125
          790             55.2125
          791             55.2125
          792             55.2125
          793             55.2125
          794             55.2125
          795             55.2125
          796             55.2125
          797             55.2125
          798             55.2125
          799             55.2378
          800             55.2125
          801             55.1199
          802             55.0609
          803             55.1502
          804             55.2968
          805             55.5053
          806             55.2981
          807             54.9773
          808             54.6996
          809             54.4546
          810             54.3788
          811             54.2875
          812             54.2868
          813             54.2868
          814             54.3011
          815             54.2868
          816             54.2868
          817             54.2882
          818             54.2868
          819             54.2868
          820             54.3126
          821             54.2868
          822             54.2868
          823             54.2868
          824             54.2868
          825             54.2868
          826             54.2868
          827              54.296
          828             54.2868
          829             54.2916
          830             54.2931
          831             54.2868
          832             54.2868
          833             54.2868
          834             54.2868
          835             54.2868
          836             54.2868
          837             54.3084
          838             54.2868
          839             54.2868
          840             54.4232
          841             54.2925
          842             54.2868
          843             54.2868
          844             54.2868
          845             54.2868
          846             54.2868
          847             54.2868
          848             54.2868
          849             54.2868
          850             54.2868
          851             54.2868
          852             54.2868
          853             54.2868
          854             54.2868
          855             54.2904
          856              54.287
          857             54.2868
          858             54.2868
          859             54.2868
          860             54.3494
          861             54.2914
          862             54.2868
          863             54.2868
          864             54.2868
          865             54.2868
          866             54.2873
          867             54.6794
          868             54.6469
          869             54.4557
          870             54.4786
          871             54.3005
          872             54.3052
          873             54.2868
          874             54.2868
          875             54.2868
          876             54.2868
          877             54.2868
          878             54.3108
          879             54.2868
          880             54.2868
          881              54.339
          882             54.3787
          883                54.7
          884             54.5465
          885             54.3487
          886             54.3673
          887             54.3669
          888             54.3369
          889             54.2987
          890             54.2868
          891             54.2868
          892             54.2904
          893              54.299
          894             54.3083
          895             54.3204
          896             54.3072
          897             54.2868
          898             54.2868
          899             54.2935
          900             54.2868
          901             54.2868
          902             54.2868
          903             54.2868
          904             54.2868
          905             54.2868
          906             54.2868
          907             54.2868
          908             54.2868
          909             54.2868
          910             54.2868
          911             54.2868
          912             54.2868
          913             54.4244
          914              54.316
          915             54.2868
          916             54.2868
          917             54.2886
          918             54.3143
          919             54.3613
          920              54.435
          921             54.5433
          922             54.3831
          923             54.2868
          924              54.287
          925             54.2938
          926              54.293
          927             54.5282
          928             54.3894
          929             54.5412
          930             54.3722
          931             54.3252
          932             54.2868
          933             54.2868
          934             54.2868
          935             54.2868
          936             54.2868
          937             54.2979
          938             54.2868
          939             54.2868
          940             54.2868
          941             54.2868
          942             54.2868
          943             54.2868
          944             54.2868
          945             54.2868
          946             54.2868
          947             54.2868
          948             54.2926
          949               54.29
          950             54.2872
          951             54.2868
          952             54.2868
          953             54.2885
          954             54.2868
          955             54.2868
          956             54.2868
          957             54.3067
          958             54.4175
          959             54.3775
          960             54.4339
          961             54.3587
          962             54.3071
          963             54.3679
          964             54.3009
          965             54.2868
          966             54.2906
          967             54.2868
          968             54.3493
          969             54.3045
          970              54.311
          971             54.2868
          972             54.2868
          973             54.3329
          974             54.2868
          975             54.2948
          976             54.2868
          977             54.3348
          978             54.2881
          979             54.2868
          980             54.2868
          981             54.2868
          982             54.2868
          983             54.2898
          984             54.2877
          985             54.2877
          986             54.3219
          987              54.389
          988             54.2868
          989             54.2906
          990             54.3702
          991             54.2937
          992             54.2913
          993             54.2881
          994             54.2868
          995             54.2868
          996             54.2868
          997             54.2868
          998             54.2868
          999             54.2868
         1000             54.2868
